5 0.335006 0.500475 0.385178 0.99905 0.885796
4 0.189266 0.352903 0.121291 0.260221 0.861756
5 0.204746 0.44341 0.196841 0.733558 0.859731
4 0.397283 0.183405 0.197164 0.36681 0.792728
3 0.263714 0.265269 0.029611 0.0551249 0.656664
5 0.335006 0.500475 0.385178 0.99905 0.885796
4 0.189266 0.352903 0.121291 0.260221 0.861756
5 0.204746 0.44341 0.196841 0.733558 0.859731
4 0.397283 0.183405 0.197164 0.36681 0.792728
3 0.263714 0.265269 0.029611 0.0551249 0.656664
5 0.335006 0.500475 0.385178 0.99905 0.885796
4 0.189266 0.352903 0.121291 0.260221 0.861756
5 0.204746 0.44341 0.196841 0.733558 0.859731
4 0.397283 0.183405 0.197164 0.36681 0.792728
3 0.263714 0.265269 0.029611 0.0551249 0.656664
5 0.335006 0.500475 0.385178 0.99905 0.885796
4 0.189266 0.352903 0.121291 0.260221 0.861756
5 0.204746 0.44341 0.196841 0.733558 0.859731
4 0.397283 0.183405 0.197164 0.36681 0.792728
3 0.263714 0.265269 0.029611 0.0551249 0.656664
