5 0.373676 0.490928 0.194036 0.817673 0.867974
4 0.610878 0.198097 0.16349 0.396194 0.866342
4 0.387433 0.351564 0.107342 0.289006 0.864852
5 0.582938 0.499665 0.242097 0.999331 0.863736
0 0.433808 0.137873 0.0643494 0.0881441 0.807589
3 0.433373 0.222925 0.0286709 0.0545723 0.645887
5 0.373676 0.490928 0.194036 0.817673 0.867974
4 0.610878 0.198097 0.16349 0.396194 0.866342
4 0.387433 0.351564 0.107342 0.289006 0.864852
5 0.582938 0.499665 0.242097 0.999331 0.863736
0 0.433808 0.137873 0.0643494 0.0881441 0.807589
3 0.433373 0.222925 0.0286709 0.0545723 0.645887
5 0.373676 0.490928 0.194036 0.817673 0.867974
4 0.610878 0.198097 0.16349 0.396194 0.866342
4 0.387433 0.351564 0.107342 0.289006 0.864852
5 0.582938 0.499665 0.242097 0.999331 0.863736
0 0.433808 0.137873 0.0643494 0.0881441 0.807589
3 0.433373 0.222925 0.0286709 0.0545723 0.645887
5 0.373676 0.490928 0.194036 0.817673 0.867974
4 0.610878 0.198097 0.16349 0.396194 0.866342
4 0.387433 0.351564 0.107342 0.289006 0.864852
5 0.582938 0.499665 0.242097 0.999331 0.863736
0 0.433808 0.137873 0.0643494 0.0881441 0.807589
3 0.433373 0.222925 0.0286709 0.0545723 0.645887
