5 0.377054 0.495925 0.175555 0.85723 0.826333
4 0.431755 0.328252 0.0630589 0.195384 0.775754
4 0.352079 0.400533 0.0565473 0.129184 0.694628
5 0.377054 0.495925 0.175555 0.85723 0.826333
4 0.431755 0.328252 0.0630589 0.195384 0.775754
4 0.352079 0.400533 0.0565473 0.129184 0.694628
5 0.377054 0.495925 0.175555 0.85723 0.826333
4 0.431755 0.328252 0.0630589 0.195384 0.775754
4 0.352079 0.400533 0.0565473 0.129184 0.694628
5 0.377054 0.495925 0.175555 0.85723 0.826333
4 0.431755 0.328252 0.0630589 0.195384 0.775754
4 0.352079 0.400533 0.0565473 0.129184 0.694628
