5 0.303721 0.499762 0.404072 0.999524 0.917383
4 0.177275 0.342402 0.103741 0.271487 0.904351
4 0.360153 0.193143 0.193535 0.386286 0.751484
5 0.167175 0.440734 0.16338 0.784644 0.687024
5 0.303721 0.499762 0.404072 0.999524 0.917383
4 0.177275 0.342402 0.103741 0.271487 0.904351
4 0.360153 0.193143 0.193535 0.386286 0.751484
5 0.167175 0.440734 0.16338 0.784644 0.687024
5 0.303721 0.499762 0.404072 0.999524 0.917383
4 0.177275 0.342402 0.103741 0.271487 0.904351
4 0.360153 0.193143 0.193535 0.386286 0.751484
5 0.167175 0.440734 0.16338 0.784644 0.687024
5 0.303721 0.499762 0.404072 0.999524 0.917383
4 0.177275 0.342402 0.103741 0.271487 0.904351
4 0.360153 0.193143 0.193535 0.386286 0.751484
5 0.167175 0.440734 0.16338 0.784644 0.687024
