5 0.589901 0.474285 0.224635 0.94796 0.892982
4 0.39314 0.296904 0.12254 0.300825 0.878886
5 0.371641 0.496015 0.195585 0.861482 0.829777
4 0.585972 0.233334 0.0965617 0.277695 0.822313
2 0.335585 0.168345 0.0913847 0.184941 0.740955
0 0.522755 0.0707882 0.10906 0.140243 0.726048
3 0.545852 0.150908 0.0313084 0.0676988 0.613762
5 0.589901 0.474285 0.224635 0.94796 0.892982
4 0.39314 0.296904 0.12254 0.300825 0.878886
5 0.371641 0.496015 0.195585 0.861482 0.829777
4 0.585972 0.233334 0.0965617 0.277695 0.822313
2 0.335585 0.168345 0.0913847 0.184941 0.740955
0 0.522755 0.0707882 0.10906 0.140243 0.726048
3 0.545852 0.150908 0.0313084 0.0676988 0.613762
5 0.589901 0.474285 0.224635 0.94796 0.892982
4 0.39314 0.296904 0.12254 0.300825 0.878886
5 0.371641 0.496015 0.195585 0.861482 0.829777
4 0.585972 0.233334 0.0965617 0.277695 0.822313
2 0.335585 0.168345 0.0913847 0.184941 0.740955
0 0.522755 0.0707882 0.10906 0.140243 0.726048
3 0.545852 0.150908 0.0313084 0.0676988 0.613762
5 0.589901 0.474285 0.224635 0.94796 0.892982
4 0.39314 0.296904 0.12254 0.300825 0.878886
5 0.371641 0.496015 0.195585 0.861482 0.829777
4 0.585972 0.233334 0.0965617 0.277695 0.822313
2 0.335585 0.168345 0.0913847 0.184941 0.740955
0 0.522755 0.0707882 0.10906 0.140243 0.726048
3 0.545852 0.150908 0.0313084 0.0676988 0.613762
