5 0.568898 0.498326 0.257747 0.996651 0.876559
4 0.357174 0.37585 0.125302 0.256588 0.831095
5 0.363741 0.377283 0.170619 0.570058 0.829324
2 0.394152 0.154612 0.0795193 0.111823 0.764967
4 0.608511 0.176928 0.169171 0.353856 0.744158
3 0.39835 0.254704 0.0394339 0.0535142 0.70663
5 0.568898 0.498326 0.257747 0.996651 0.876559
4 0.357174 0.37585 0.125302 0.256588 0.831095
5 0.363741 0.377283 0.170619 0.570058 0.829324
2 0.394152 0.154612 0.0795193 0.111823 0.764967
4 0.608511 0.176928 0.169171 0.353856 0.744158
3 0.39835 0.254704 0.0394339 0.0535142 0.70663
5 0.568898 0.498326 0.257747 0.996651 0.876559
4 0.357174 0.37585 0.125302 0.256588 0.831095
5 0.363741 0.377283 0.170619 0.570058 0.829324
2 0.394152 0.154612 0.0795193 0.111823 0.764967
4 0.608511 0.176928 0.169171 0.353856 0.744158
3 0.39835 0.254704 0.0394339 0.0535142 0.70663
5 0.568898 0.498326 0.257747 0.996651 0.876559
4 0.357174 0.37585 0.125302 0.256588 0.831095
5 0.363741 0.377283 0.170619 0.570058 0.829324
2 0.394152 0.154612 0.0795193 0.111823 0.764967
4 0.608511 0.176928 0.169171 0.353856 0.744158
3 0.39835 0.254704 0.0394339 0.0535142 0.70663
