5 0.133918 0.286177 0.267801 0.445389 0.926126
5 0.851773 0.500286 0.291085 0.999428 0.903582
4 0.865889 0.179408 0.238587 0.358816 0.865699
0 0.156551 0.140023 0.0949723 0.112934 0.804002
3 0.153185 0.220156 0.0437788 0.0475389 0.693964
5 0.133918 0.286177 0.267801 0.445389 0.926126
5 0.851773 0.500286 0.291085 0.999428 0.903582
4 0.865889 0.179408 0.238587 0.358816 0.865699
0 0.156551 0.140023 0.0949723 0.112934 0.804002
3 0.153185 0.220156 0.0437788 0.0475389 0.693964
5 0.133918 0.286177 0.267801 0.445389 0.926126
5 0.851773 0.500286 0.291085 0.999428 0.903582
4 0.865889 0.179408 0.238587 0.358816 0.865699
0 0.156551 0.140023 0.0949723 0.112934 0.804002
3 0.153185 0.220156 0.0437788 0.0475389 0.693964
5 0.133918 0.286177 0.267801 0.445389 0.926126
5 0.851773 0.500286 0.291085 0.999428 0.903582
4 0.865889 0.179408 0.238587 0.358816 0.865699
0 0.156551 0.140023 0.0949723 0.112934 0.804002
3 0.153185 0.220156 0.0437788 0.0475389 0.693964
