5 0.379386 0.471549 0.172683 0.936287 0.822696
4 0.434423 0.350273 0.0572395 0.202138 0.679336
4 0.0685769 0.162463 0.137154 0.324927 0.654215
5 0.379386 0.471549 0.172683 0.936287 0.822696
4 0.434423 0.350273 0.0572395 0.202138 0.679336
4 0.0685769 0.162463 0.137154 0.324927 0.654215
5 0.379386 0.471549 0.172683 0.936287 0.822696
4 0.434423 0.350273 0.0572395 0.202138 0.679336
4 0.0685769 0.162463 0.137154 0.324927 0.654215
5 0.379386 0.471549 0.172683 0.936287 0.822696
4 0.434423 0.350273 0.0572395 0.202138 0.679336
4 0.0685769 0.162463 0.137154 0.324927 0.654215
