4 0.307526 0.301983 0.127325 0.361457 0.885868
5 0.288669 0.498345 0.225647 0.996689 0.877524
5 0.630477 0.481377 0.22844 0.960617 0.874336
0 0.288842 0.0367194 0.102142 0.0734389 0.830173
4 0.675071 0.242374 0.123425 0.399346 0.822559
3 0.295137 0.12343 0.0484009 0.0532994 0.715208
4 0.307526 0.301983 0.127325 0.361457 0.885868
5 0.288669 0.498345 0.225647 0.996689 0.877524
5 0.630477 0.481377 0.22844 0.960617 0.874336
0 0.288842 0.0367194 0.102142 0.0734389 0.830173
4 0.675071 0.242374 0.123425 0.399346 0.822559
3 0.295137 0.12343 0.0484009 0.0532994 0.715208
4 0.307526 0.301983 0.127325 0.361457 0.885868
5 0.288669 0.498345 0.225647 0.996689 0.877524
5 0.630477 0.481377 0.22844 0.960617 0.874336
0 0.288842 0.0367194 0.102142 0.0734389 0.830173
4 0.675071 0.242374 0.123425 0.399346 0.822559
3 0.295137 0.12343 0.0484009 0.0532994 0.715208
4 0.307526 0.301983 0.127325 0.361457 0.885868
5 0.288669 0.498345 0.225647 0.996689 0.877524
5 0.630477 0.481377 0.22844 0.960617 0.874336
0 0.288842 0.0367194 0.102142 0.0734389 0.830173
4 0.675071 0.242374 0.123425 0.399346 0.822559
3 0.295137 0.12343 0.0484009 0.0532994 0.715208
