5 0.378624 0.455703 0.173619 0.848331 0.812088
4 0.431532 0.327174 0.0649837 0.193619 0.771685
4 0.352541 0.398078 0.0585024 0.131909 0.679381
5 0.378624 0.455703 0.173619 0.848331 0.812088
4 0.431532 0.327174 0.0649837 0.193619 0.771685
4 0.352541 0.398078 0.0585024 0.131909 0.679381
5 0.378624 0.455703 0.173619 0.848331 0.812088
4 0.431532 0.327174 0.0649837 0.193619 0.771685
4 0.352541 0.398078 0.0585024 0.131909 0.679381
5 0.378624 0.455703 0.173619 0.848331 0.812088
4 0.431532 0.327174 0.0649837 0.193619 0.771685
4 0.352541 0.398078 0.0585024 0.131909 0.679381
