5 0.571669 0.498456 0.264463 0.996912 0.869619
4 0.364853 0.387191 0.11847 0.25998 0.820726
5 0.35598 0.433995 0.202732 0.667801 0.788734
4 0.612405 0.177962 0.169932 0.355924 0.78304
3 0.393723 0.262298 0.0394734 0.0530137 0.699572
5 0.571669 0.498456 0.264463 0.996912 0.869619
4 0.364853 0.387191 0.11847 0.25998 0.820726
5 0.35598 0.433995 0.202732 0.667801 0.788734
4 0.612405 0.177962 0.169932 0.355924 0.78304
3 0.393723 0.262298 0.0394734 0.0530137 0.699572
5 0.571669 0.498456 0.264463 0.996912 0.869619
4 0.364853 0.387191 0.11847 0.25998 0.820726
5 0.35598 0.433995 0.202732 0.667801 0.788734
4 0.612405 0.177962 0.169932 0.355924 0.78304
3 0.393723 0.262298 0.0394734 0.0530137 0.699572
5 0.571669 0.498456 0.264463 0.996912 0.869619
4 0.364853 0.387191 0.11847 0.25998 0.820726
5 0.35598 0.433995 0.202732 0.667801 0.788734
4 0.612405 0.177962 0.169932 0.355924 0.78304
3 0.393723 0.262298 0.0394734 0.0530137 0.699572
