5 0.569112 0.495525 0.249583 0.991049 0.917876
5 0.397064 0.326444 0.15843 0.406008 0.885769
0 0.425421 0.186061 0.0817747 0.116748 0.761093
3 0.424292 0.288502 0.0408046 0.0594337 0.675576
5 0.569112 0.495525 0.249583 0.991049 0.917876
5 0.397064 0.326444 0.15843 0.406008 0.885769
0 0.425421 0.186061 0.0817747 0.116748 0.761093
3 0.424292 0.288502 0.0408046 0.0594337 0.675576
5 0.569112 0.495525 0.249583 0.991049 0.917876
5 0.397064 0.326444 0.15843 0.406008 0.885769
0 0.425421 0.186061 0.0817747 0.116748 0.761093
3 0.424292 0.288502 0.0408046 0.0594337 0.675576
5 0.569112 0.495525 0.249583 0.991049 0.917876
5 0.397064 0.326444 0.15843 0.406008 0.885769
0 0.425421 0.186061 0.0817747 0.116748 0.761093
3 0.424292 0.288502 0.0408046 0.0594337 0.675576
