4 0.423825 0.366538 0.0708716 0.246022 0.877969
5 0.613803 0.472756 0.250557 0.92571 0.865809
5 0.379138 0.520055 0.157767 0.638706 0.857405
4 0.630118 0.273038 0.100564 0.2469 0.835451
0 0.352306 0.295001 0.0815119 0.164345 0.651066
4 0.423825 0.366538 0.0708716 0.246022 0.877969
5 0.613803 0.472756 0.250557 0.92571 0.865809
5 0.379138 0.520055 0.157767 0.638706 0.857405
4 0.630118 0.273038 0.100564 0.2469 0.835451
0 0.352306 0.295001 0.0815119 0.164345 0.651066
4 0.423825 0.366538 0.0708716 0.246022 0.877969
5 0.613803 0.472756 0.250557 0.92571 0.865809
5 0.379138 0.520055 0.157767 0.638706 0.857405
4 0.630118 0.273038 0.100564 0.2469 0.835451
0 0.352306 0.295001 0.0815119 0.164345 0.651066
4 0.423825 0.366538 0.0708716 0.246022 0.877969
5 0.613803 0.472756 0.250557 0.92571 0.865809
5 0.379138 0.520055 0.157767 0.638706 0.857405
4 0.630118 0.273038 0.100564 0.2469 0.835451
0 0.352306 0.295001 0.0815119 0.164345 0.651066
