5 0.305711 0.464965 0.252135 0.830358 0.891366
4 0.60468 0.191894 0.174927 0.383788 0.878815
5 0.552549 0.499565 0.305259 0.997771 0.866269
4 0.292619 0.332968 0.120739 0.303077 0.848762
0 0.366966 0.134823 0.0748951 0.101663 0.774386
3 0.36364 0.209785 0.0311474 0.0657906 0.644172
5 0.305711 0.464965 0.252135 0.830358 0.891366
4 0.60468 0.191894 0.174927 0.383788 0.878815
5 0.552549 0.499565 0.305259 0.997771 0.866269
4 0.292619 0.332968 0.120739 0.303077 0.848762
0 0.366966 0.134823 0.0748951 0.101663 0.774386
3 0.36364 0.209785 0.0311474 0.0657906 0.644172
5 0.305711 0.464965 0.252135 0.830358 0.891366
4 0.60468 0.191894 0.174927 0.383788 0.878815
5 0.552549 0.499565 0.305259 0.997771 0.866269
4 0.292619 0.332968 0.120739 0.303077 0.848762
0 0.366966 0.134823 0.0748951 0.101663 0.774386
3 0.36364 0.209785 0.0311474 0.0657906 0.644172
5 0.305711 0.464965 0.252135 0.830358 0.891366
4 0.60468 0.191894 0.174927 0.383788 0.878815
5 0.552549 0.499565 0.305259 0.997771 0.866269
4 0.292619 0.332968 0.120739 0.303077 0.848762
0 0.366966 0.134823 0.0748951 0.101663 0.774386
3 0.36364 0.209785 0.0311474 0.0657906 0.644172
