5 0.877732 0.500055 0.24437 0.999891 0.919688
4 0.940083 0.21166 0.119833 0.394803 0.821751
5 0.439602 0.498351 0.569746 0.996702 0.719271
2 0.590393 0.114032 0.0853886 0.0831636 0.662523
2 0.587222 0.128014 0.0931763 0.113591 0.621441
5 0.877732 0.500055 0.24437 0.999891 0.919688
4 0.940083 0.21166 0.119833 0.394803 0.821751
5 0.439602 0.498351 0.569746 0.996702 0.719271
2 0.590393 0.114032 0.0853886 0.0831636 0.662523
2 0.587222 0.128014 0.0931763 0.113591 0.621441
5 0.877732 0.500055 0.24437 0.999891 0.919688
4 0.940083 0.21166 0.119833 0.394803 0.821751
5 0.439602 0.498351 0.569746 0.996702 0.719271
2 0.590393 0.114032 0.0853886 0.0831636 0.662523
2 0.587222 0.128014 0.0931763 0.113591 0.621441
5 0.877732 0.500055 0.24437 0.999891 0.919688
4 0.940083 0.21166 0.119833 0.394803 0.821751
5 0.439602 0.498351 0.569746 0.996702 0.719271
2 0.590393 0.114032 0.0853886 0.0831636 0.662523
2 0.587222 0.128014 0.0931763 0.113591 0.621441
