0 0.416372 0.0744007 0.0953966 0.146601 0.89445
0 0.276373 0.161573 0.0909358 0.138084 0.862835
5 0.246639 0.307455 0.300342 0.455579 0.847738
4 0.195188 0.376856 0.116491 0.298033 0.78378
5 0.405077 0.26071 0.372259 0.518779 0.649834
3 0.265047 0.249681 0.0437545 0.0651969 0.614728
0 0.416372 0.0744007 0.0953966 0.146601 0.89445
0 0.276373 0.161573 0.0909358 0.138084 0.862835
5 0.246639 0.307455 0.300342 0.455579 0.847738
4 0.195188 0.376856 0.116491 0.298033 0.78378
5 0.405077 0.26071 0.372259 0.518779 0.649834
3 0.265047 0.249681 0.0437545 0.0651969 0.614728
0 0.416372 0.0744007 0.0953966 0.146601 0.89445
0 0.276373 0.161573 0.0909358 0.138084 0.862835
5 0.246639 0.307455 0.300342 0.455579 0.847738
4 0.195188 0.376856 0.116491 0.298033 0.78378
5 0.405077 0.26071 0.372259 0.518779 0.649834
3 0.265047 0.249681 0.0437545 0.0651969 0.614728
0 0.416372 0.0744007 0.0953966 0.146601 0.89445
0 0.276373 0.161573 0.0909358 0.138084 0.862835
5 0.246639 0.307455 0.300342 0.455579 0.847738
4 0.195188 0.376856 0.116491 0.298033 0.78378
5 0.405077 0.26071 0.372259 0.518779 0.649834
3 0.265047 0.249681 0.0437545 0.0651969 0.614728
