5 0.24251 0.49952 0.264503 0.995754 0.877443
4 0.217585 0.176005 0.169906 0.35201 0.864662
0 0.301108 0.126509 0.0481212 0.085548 0.766826
5 0.24251 0.49952 0.264503 0.995754 0.877443
4 0.217585 0.176005 0.169906 0.35201 0.864662
0 0.301108 0.126509 0.0481212 0.085548 0.766826
5 0.24251 0.49952 0.264503 0.995754 0.877443
4 0.217585 0.176005 0.169906 0.35201 0.864662
0 0.301108 0.126509 0.0481212 0.085548 0.766826
5 0.24251 0.49952 0.264503 0.995754 0.877443
4 0.217585 0.176005 0.169906 0.35201 0.864662
0 0.301108 0.126509 0.0481212 0.085548 0.766826
