5 0.487691 0.500249 0.234237 0.996884 0.920335
5 0.230647 0.504266 0.283942 0.704922 0.903591
4 0.209367 0.368522 0.153881 0.247708 0.867612
4 0.463083 0.203285 0.18437 0.406571 0.652698
5 0.487691 0.500249 0.234237 0.996884 0.920335
5 0.230647 0.504266 0.283942 0.704922 0.903591
4 0.209367 0.368522 0.153881 0.247708 0.867612
4 0.463083 0.203285 0.18437 0.406571 0.652698
5 0.487691 0.500249 0.234237 0.996884 0.920335
5 0.230647 0.504266 0.283942 0.704922 0.903591
4 0.209367 0.368522 0.153881 0.247708 0.867612
4 0.463083 0.203285 0.18437 0.406571 0.652698
5 0.487691 0.500249 0.234237 0.996884 0.920335
5 0.230647 0.504266 0.283942 0.704922 0.903591
4 0.209367 0.368522 0.153881 0.247708 0.867612
4 0.463083 0.203285 0.18437 0.406571 0.652698
