5 0.675915 0.498446 0.470921 0.996892 0.895743
4 0.640102 0.203017 0.272363 0.406034 0.81303
0 0.413269 0.153976 0.0699003 0.108564 0.717016
4 0.319842 0.363684 0.169456 0.339901 0.693152
5 0.341918 0.496704 0.234343 0.88375 0.687916
5 0.675915 0.498446 0.470921 0.996892 0.895743
4 0.640102 0.203017 0.272363 0.406034 0.81303
0 0.413269 0.153976 0.0699003 0.108564 0.717016
4 0.319842 0.363684 0.169456 0.339901 0.693152
5 0.341918 0.496704 0.234343 0.88375 0.687916
5 0.675915 0.498446 0.470921 0.996892 0.895743
4 0.640102 0.203017 0.272363 0.406034 0.81303
0 0.413269 0.153976 0.0699003 0.108564 0.717016
4 0.319842 0.363684 0.169456 0.339901 0.693152
5 0.341918 0.496704 0.234343 0.88375 0.687916
5 0.675915 0.498446 0.470921 0.996892 0.895743
4 0.640102 0.203017 0.272363 0.406034 0.81303
0 0.413269 0.153976 0.0699003 0.108564 0.717016
4 0.319842 0.363684 0.169456 0.339901 0.693152
5 0.341918 0.496704 0.234343 0.88375 0.687916
