4 0.593183 0.191269 0.165572 0.380884 0.877518
5 0.583454 0.500582 0.245022 0.998441 0.867948
4 0.429896 0.157217 0.0509719 0.28588 0.683653
5 0.420682 0.479959 0.0894815 0.958972 0.629966
4 0.593183 0.191269 0.165572 0.380884 0.877518
5 0.583454 0.500582 0.245022 0.998441 0.867948
4 0.429896 0.157217 0.0509719 0.28588 0.683653
5 0.420682 0.479959 0.0894815 0.958972 0.629966
4 0.593183 0.191269 0.165572 0.380884 0.877518
5 0.583454 0.500582 0.245022 0.998441 0.867948
4 0.429896 0.157217 0.0509719 0.28588 0.683653
5 0.420682 0.479959 0.0894815 0.958972 0.629966
4 0.593183 0.191269 0.165572 0.380884 0.877518
5 0.583454 0.500582 0.245022 0.998441 0.867948
4 0.429896 0.157217 0.0509719 0.28588 0.683653
5 0.420682 0.479959 0.0894815 0.958972 0.629966
