4 0.417732 0.364919 0.0904976 0.245015 0.888399
5 0.613695 0.468996 0.245988 0.860934 0.852537
5 0.381103 0.579306 0.164121 0.7811 0.767679
4 0.634249 0.271188 0.0871602 0.266293 0.731831
3 0.391023 0.320614 0.0231823 0.0724456 0.634169
4 0.417732 0.364919 0.0904976 0.245015 0.888399
5 0.613695 0.468996 0.245988 0.860934 0.852537
5 0.381103 0.579306 0.164121 0.7811 0.767679
4 0.634249 0.271188 0.0871602 0.266293 0.731831
3 0.391023 0.320614 0.0231823 0.0724456 0.634169
4 0.417732 0.364919 0.0904976 0.245015 0.888399
5 0.613695 0.468996 0.245988 0.860934 0.852537
5 0.381103 0.579306 0.164121 0.7811 0.767679
4 0.634249 0.271188 0.0871602 0.266293 0.731831
3 0.391023 0.320614 0.0231823 0.0724456 0.634169
4 0.417732 0.364919 0.0904976 0.245015 0.888399
5 0.613695 0.468996 0.245988 0.860934 0.852537
5 0.381103 0.579306 0.164121 0.7811 0.767679
4 0.634249 0.271188 0.0871602 0.266293 0.731831
3 0.391023 0.320614 0.0231823 0.0724456 0.634169
