5 0.875334 0.500386 0.248967 0.998324 0.927232
4 0.939557 0.203826 0.120855 0.407653 0.748866
5 0.47967 0.498704 0.679517 0.997408 0.723176
5 0.383232 0.498067 0.45595 0.996135 0.672521
2 0.584505 0.129145 0.0918046 0.105672 0.663449
5 0.875334 0.500386 0.248967 0.998324 0.927232
4 0.939557 0.203826 0.120855 0.407653 0.748866
5 0.47967 0.498704 0.679517 0.997408 0.723176
5 0.383232 0.498067 0.45595 0.996135 0.672521
2 0.584505 0.129145 0.0918046 0.105672 0.663449
5 0.875334 0.500386 0.248967 0.998324 0.927232
4 0.939557 0.203826 0.120855 0.407653 0.748866
5 0.47967 0.498704 0.679517 0.997408 0.723176
5 0.383232 0.498067 0.45595 0.996135 0.672521
2 0.584505 0.129145 0.0918046 0.105672 0.663449
5 0.875334 0.500386 0.248967 0.998324 0.927232
4 0.939557 0.203826 0.120855 0.407653 0.748866
5 0.47967 0.498704 0.679517 0.997408 0.723176
5 0.383232 0.498067 0.45595 0.996135 0.672521
2 0.584505 0.129145 0.0918046 0.105672 0.663449
