5 0.235206 0.287183 0.262616 0.487315 0.83906
0 0.3804 0.0930039 0.101184 0.13852 0.813623
4 0.214537 0.368431 0.116527 0.292157 0.798581
3 0.261622 0.217188 0.0483536 0.0661187 0.770887
0 0.259931 0.113454 0.0798069 0.0988809 0.709803
5 0.235206 0.287183 0.262616 0.487315 0.83906
0 0.3804 0.0930039 0.101184 0.13852 0.813623
4 0.214537 0.368431 0.116527 0.292157 0.798581
3 0.261622 0.217188 0.0483536 0.0661187 0.770887
0 0.259931 0.113454 0.0798069 0.0988809 0.709803
5 0.235206 0.287183 0.262616 0.487315 0.83906
0 0.3804 0.0930039 0.101184 0.13852 0.813623
4 0.214537 0.368431 0.116527 0.292157 0.798581
3 0.261622 0.217188 0.0483536 0.0661187 0.770887
0 0.259931 0.113454 0.0798069 0.0988809 0.709803
5 0.235206 0.287183 0.262616 0.487315 0.83906
0 0.3804 0.0930039 0.101184 0.13852 0.813623
4 0.214537 0.368431 0.116527 0.292157 0.798581
3 0.261622 0.217188 0.0483536 0.0661187 0.770887
0 0.259931 0.113454 0.0798069 0.0988809 0.709803
