5 0.089999 0.264147 0.179421 0.526944 0.864348
0 0.130331 0.0303443 0.0649765 0.0606886 0.83085
5 0.365564 0.500552 0.362015 0.997104 0.826377
7 0.0768869 0.271634 0.137583 0.360164 0.765016
5 0.357136 0.265469 0.354396 0.529785 0.723948
3 0.13221 0.116076 0.037662 0.0754123 0.68173
4 0.420729 0.210076 0.197647 0.420129 0.655369
5 0.089999 0.264147 0.179421 0.526944 0.864348
0 0.130331 0.0303443 0.0649765 0.0606886 0.83085
5 0.365564 0.500552 0.362015 0.997104 0.826377
7 0.0768869 0.271634 0.137583 0.360164 0.765016
5 0.357136 0.265469 0.354396 0.529785 0.723948
3 0.13221 0.116076 0.037662 0.0754123 0.68173
4 0.420729 0.210076 0.197647 0.420129 0.655369
5 0.089999 0.264147 0.179421 0.526944 0.864348
0 0.130331 0.0303443 0.0649765 0.0606886 0.83085
5 0.365564 0.500552 0.362015 0.997104 0.826377
7 0.0768869 0.271634 0.137583 0.360164 0.765016
5 0.357136 0.265469 0.354396 0.529785 0.723948
3 0.13221 0.116076 0.037662 0.0754123 0.68173
4 0.420729 0.210076 0.197647 0.420129 0.655369
5 0.089999 0.264147 0.179421 0.526944 0.864348
0 0.130331 0.0303443 0.0649765 0.0606886 0.83085
5 0.365564 0.500552 0.362015 0.997104 0.826377
7 0.0768869 0.271634 0.137583 0.360164 0.765016
5 0.357136 0.265469 0.354396 0.529785 0.723948
3 0.13221 0.116076 0.037662 0.0754123 0.68173
4 0.420729 0.210076 0.197647 0.420129 0.655369
