5 0.757444 0.501635 0.350502 0.99673 0.929748
5 0.11258 0.284301 0.225161 0.466232 0.919525
4 0.759189 0.193603 0.250917 0.387205 0.906683
0 0.135504 0.125708 0.0889956 0.101658 0.691288
5 0.757444 0.501635 0.350502 0.99673 0.929748
5 0.11258 0.284301 0.225161 0.466232 0.919525
4 0.759189 0.193603 0.250917 0.387205 0.906683
0 0.135504 0.125708 0.0889956 0.101658 0.691288
5 0.757444 0.501635 0.350502 0.99673 0.929748
5 0.11258 0.284301 0.225161 0.466232 0.919525
4 0.759189 0.193603 0.250917 0.387205 0.906683
0 0.135504 0.125708 0.0889956 0.101658 0.691288
5 0.757444 0.501635 0.350502 0.99673 0.929748
5 0.11258 0.284301 0.225161 0.466232 0.919525
4 0.759189 0.193603 0.250917 0.387205 0.906683
0 0.135504 0.125708 0.0889956 0.101658 0.691288
