4 0.166239 0.34644 0.0990779 0.293193 0.869353
5 0.311276 0.499898 0.406309 0.999797 0.795779
5 0.156677 0.447958 0.137238 0.730091 0.766645
4 0.343038 0.180673 0.182318 0.361347 0.754384
4 0.166239 0.34644 0.0990779 0.293193 0.869353
5 0.311276 0.499898 0.406309 0.999797 0.795779
5 0.156677 0.447958 0.137238 0.730091 0.766645
4 0.343038 0.180673 0.182318 0.361347 0.754384
4 0.166239 0.34644 0.0990779 0.293193 0.869353
5 0.311276 0.499898 0.406309 0.999797 0.795779
5 0.156677 0.447958 0.137238 0.730091 0.766645
4 0.343038 0.180673 0.182318 0.361347 0.754384
4 0.166239 0.34644 0.0990779 0.293193 0.869353
5 0.311276 0.499898 0.406309 0.999797 0.795779
5 0.156677 0.447958 0.137238 0.730091 0.766645
4 0.343038 0.180673 0.182318 0.361347 0.754384
