5 0.613701 0.488202 0.24159 0.971651 0.918468
5 0.354548 0.458679 0.237985 0.878074 0.893434
4 0.360245 0.306813 0.125483 0.324897 0.886174
4 0.617629 0.195822 0.101614 0.282969 0.801609
0 0.548964 0.0278133 0.0821435 0.0551217 0.784242
2 0.314663 0.129412 0.0901409 0.158384 0.747646
5 0.613701 0.488202 0.24159 0.971651 0.918468
5 0.354548 0.458679 0.237985 0.878074 0.893434
4 0.360245 0.306813 0.125483 0.324897 0.886174
4 0.617629 0.195822 0.101614 0.282969 0.801609
0 0.548964 0.0278133 0.0821435 0.0551217 0.784242
2 0.314663 0.129412 0.0901409 0.158384 0.747646
5 0.613701 0.488202 0.24159 0.971651 0.918468
5 0.354548 0.458679 0.237985 0.878074 0.893434
4 0.360245 0.306813 0.125483 0.324897 0.886174
4 0.617629 0.195822 0.101614 0.282969 0.801609
0 0.548964 0.0278133 0.0821435 0.0551217 0.784242
2 0.314663 0.129412 0.0901409 0.158384 0.747646
5 0.613701 0.488202 0.24159 0.971651 0.918468
5 0.354548 0.458679 0.237985 0.878074 0.893434
4 0.360245 0.306813 0.125483 0.324897 0.886174
4 0.617629 0.195822 0.101614 0.282969 0.801609
0 0.548964 0.0278133 0.0821435 0.0551217 0.784242
2 0.314663 0.129412 0.0901409 0.158384 0.747646
