5 0.0992687 0.264251 0.198491 0.528501 0.937442
5 0.468499 0.5 0.566605 1 0.736394
5 0.545792 0.499689 0.391979 0.999076 0.639203
5 0.0992687 0.264251 0.198491 0.528501 0.937442
5 0.468499 0.5 0.566605 1 0.736394
5 0.545792 0.499689 0.391979 0.999076 0.639203
5 0.0992687 0.264251 0.198491 0.528501 0.937442
5 0.468499 0.5 0.566605 1 0.736394
5 0.545792 0.499689 0.391979 0.999076 0.639203
5 0.0992687 0.264251 0.198491 0.528501 0.937442
5 0.468499 0.5 0.566605 1 0.736394
5 0.545792 0.499689 0.391979 0.999076 0.639203
