0 0.288759 0.0597253 0.0919654 0.119451 0.909298
5 0.30884 0.486936 0.25007 0.973873 0.893281
5 0.639036 0.489385 0.237848 0.972251 0.89192
4 0.317762 0.315128 0.125033 0.351404 0.881368
4 0.684244 0.246265 0.132419 0.405263 0.792181
3 0.298665 0.159562 0.0455183 0.0526165 0.629083
0 0.288759 0.0597253 0.0919654 0.119451 0.909298
5 0.30884 0.486936 0.25007 0.973873 0.893281
5 0.639036 0.489385 0.237848 0.972251 0.89192
4 0.317762 0.315128 0.125033 0.351404 0.881368
4 0.684244 0.246265 0.132419 0.405263 0.792181
3 0.298665 0.159562 0.0455183 0.0526165 0.629083
0 0.288759 0.0597253 0.0919654 0.119451 0.909298
5 0.30884 0.486936 0.25007 0.973873 0.893281
5 0.639036 0.489385 0.237848 0.972251 0.89192
4 0.317762 0.315128 0.125033 0.351404 0.881368
4 0.684244 0.246265 0.132419 0.405263 0.792181
3 0.298665 0.159562 0.0455183 0.0526165 0.629083
0 0.288759 0.0597253 0.0919654 0.119451 0.909298
5 0.30884 0.486936 0.25007 0.973873 0.893281
5 0.639036 0.489385 0.237848 0.972251 0.89192
4 0.317762 0.315128 0.125033 0.351404 0.881368
4 0.684244 0.246265 0.132419 0.405263 0.792181
3 0.298665 0.159562 0.0455183 0.0526165 0.629083
