5 0.501711 0.499642 0.393061 0.999285 0.903806
5 0.269716 0.475522 0.23151 0.788173 0.881326
4 0.245768 0.343179 0.105468 0.277052 0.825381
0 0.337241 0.152428 0.0820108 0.105979 0.768128
5 0.501711 0.499642 0.393061 0.999285 0.903806
5 0.269716 0.475522 0.23151 0.788173 0.881326
4 0.245768 0.343179 0.105468 0.277052 0.825381
0 0.337241 0.152428 0.0820108 0.105979 0.768128
5 0.501711 0.499642 0.393061 0.999285 0.903806
5 0.269716 0.475522 0.23151 0.788173 0.881326
4 0.245768 0.343179 0.105468 0.277052 0.825381
0 0.337241 0.152428 0.0820108 0.105979 0.768128
5 0.501711 0.499642 0.393061 0.999285 0.903806
5 0.269716 0.475522 0.23151 0.788173 0.881326
4 0.245768 0.343179 0.105468 0.277052 0.825381
0 0.337241 0.152428 0.0820108 0.105979 0.768128
