5 0.604349 0.498692 0.324143 0.995486 0.889873
4 0.5908 0.201684 0.168674 0.403369 0.884436
4 0.425813 0.153582 0.0549726 0.284458 0.779389
5 0.604349 0.498692 0.324143 0.995486 0.889873
4 0.5908 0.201684 0.168674 0.403369 0.884436
4 0.425813 0.153582 0.0549726 0.284458 0.779389
5 0.604349 0.498692 0.324143 0.995486 0.889873
4 0.5908 0.201684 0.168674 0.403369 0.884436
4 0.425813 0.153582 0.0549726 0.284458 0.779389
5 0.604349 0.498692 0.324143 0.995486 0.889873
4 0.5908 0.201684 0.168674 0.403369 0.884436
4 0.425813 0.153582 0.0549726 0.284458 0.779389
