5 0.678667 0.49915 0.372083 0.998301 0.864201
4 0.682469 0.1817 0.288996 0.363401 0.786278
5 0.354946 0.491706 0.214627 0.983411 0.687728
5 0.678667 0.49915 0.372083 0.998301 0.864201
4 0.682469 0.1817 0.288996 0.363401 0.786278
5 0.354946 0.491706 0.214627 0.983411 0.687728
5 0.678667 0.49915 0.372083 0.998301 0.864201
4 0.682469 0.1817 0.288996 0.363401 0.786278
5 0.354946 0.491706 0.214627 0.983411 0.687728
5 0.678667 0.49915 0.372083 0.998301 0.864201
4 0.682469 0.1817 0.288996 0.363401 0.786278
5 0.354946 0.491706 0.214627 0.983411 0.687728
