5 0.584853 0.500205 0.288083 0.998277 0.859995
5 0.423439 0.261995 0.104198 0.520607 0.683307
4 0.597329 0.175856 0.16053 0.351712 0.637904
5 0.584853 0.500205 0.288083 0.998277 0.859995
5 0.423439 0.261995 0.104198 0.520607 0.683307
4 0.597329 0.175856 0.16053 0.351712 0.637904
5 0.584853 0.500205 0.288083 0.998277 0.859995
5 0.423439 0.261995 0.104198 0.520607 0.683307
4 0.597329 0.175856 0.16053 0.351712 0.637904
5 0.584853 0.500205 0.288083 0.998277 0.859995
5 0.423439 0.261995 0.104198 0.520607 0.683307
4 0.597329 0.175856 0.16053 0.351712 0.637904
