5 0.299629 0.450109 0.210494 0.761131 0.8968
4 0.280352 0.336864 0.12201 0.285589 0.884334
5 0.553037 0.499276 0.296891 0.998553 0.827206
0 0.35484 0.13015 0.0776403 0.0939155 0.71538
3 0.35347 0.210469 0.0276942 0.0642843 0.625035
5 0.299629 0.450109 0.210494 0.761131 0.8968
4 0.280352 0.336864 0.12201 0.285589 0.884334
5 0.553037 0.499276 0.296891 0.998553 0.827206
0 0.35484 0.13015 0.0776403 0.0939155 0.71538
3 0.35347 0.210469 0.0276942 0.0642843 0.625035
5 0.299629 0.450109 0.210494 0.761131 0.8968
4 0.280352 0.336864 0.12201 0.285589 0.884334
5 0.553037 0.499276 0.296891 0.998553 0.827206
0 0.35484 0.13015 0.0776403 0.0939155 0.71538
3 0.35347 0.210469 0.0276942 0.0642843 0.625035
5 0.299629 0.450109 0.210494 0.761131 0.8968
4 0.280352 0.336864 0.12201 0.285589 0.884334
5 0.553037 0.499276 0.296891 0.998553 0.827206
0 0.35484 0.13015 0.0776403 0.0939155 0.71538
3 0.35347 0.210469 0.0276942 0.0642843 0.625035
