5 0.616248 0.474315 0.269669 0.946734 0.834783
5 0.383501 0.545832 0.145665 0.747645 0.791362
4 0.420375 0.354011 0.0730352 0.269925 0.756964
5 0.616248 0.474315 0.269669 0.946734 0.834783
5 0.383501 0.545832 0.145665 0.747645 0.791362
4 0.420375 0.354011 0.0730352 0.269925 0.756964
5 0.616248 0.474315 0.269669 0.946734 0.834783
5 0.383501 0.545832 0.145665 0.747645 0.791362
4 0.420375 0.354011 0.0730352 0.269925 0.756964
5 0.616248 0.474315 0.269669 0.946734 0.834783
5 0.383501 0.545832 0.145665 0.747645 0.791362
4 0.420375 0.354011 0.0730352 0.269925 0.756964
