5 0.246638 0.501403 0.327084 0.997195 0.887632
4 0.273998 0.220037 0.155595 0.415256 0.881349
4 0.619604 0.29089 0.0969997 0.368273 0.829268
5 0.592256 0.467925 0.188307 0.904365 0.827837
2 0.59854 0.0798622 0.0840399 0.0895485 0.7549
5 0.246638 0.501403 0.327084 0.997195 0.887632
4 0.273998 0.220037 0.155595 0.415256 0.881349
4 0.619604 0.29089 0.0969997 0.368273 0.829268
5 0.592256 0.467925 0.188307 0.904365 0.827837
2 0.59854 0.0798622 0.0840399 0.0895485 0.7549
5 0.246638 0.501403 0.327084 0.997195 0.887632
4 0.273998 0.220037 0.155595 0.415256 0.881349
4 0.619604 0.29089 0.0969997 0.368273 0.829268
5 0.592256 0.467925 0.188307 0.904365 0.827837
2 0.59854 0.0798622 0.0840399 0.0895485 0.7549
5 0.246638 0.501403 0.327084 0.997195 0.887632
4 0.273998 0.220037 0.155595 0.415256 0.881349
4 0.619604 0.29089 0.0969997 0.368273 0.829268
5 0.592256 0.467925 0.188307 0.904365 0.827837
2 0.59854 0.0798622 0.0840399 0.0895485 0.7549
