5 0.500911 0.518709 0.405764 0.962032 0.822023
5 0.377999 0.540237 0.15317 0.813941 0.80938
2 0.413294 0.20148 0.0798762 0.118361 0.756165
4 0.384594 0.397839 0.115626 0.257072 0.74917
5 0.500911 0.518709 0.405764 0.962032 0.822023
5 0.377999 0.540237 0.15317 0.813941 0.80938
2 0.413294 0.20148 0.0798762 0.118361 0.756165
4 0.384594 0.397839 0.115626 0.257072 0.74917
5 0.500911 0.518709 0.405764 0.962032 0.822023
5 0.377999 0.540237 0.15317 0.813941 0.80938
2 0.413294 0.20148 0.0798762 0.118361 0.756165
4 0.384594 0.397839 0.115626 0.257072 0.74917
5 0.500911 0.518709 0.405764 0.962032 0.822023
5 0.377999 0.540237 0.15317 0.813941 0.80938
2 0.413294 0.20148 0.0798762 0.118361 0.756165
4 0.384594 0.397839 0.115626 0.257072 0.74917
