5 0.251228 0.48015 0.3614 0.958161 0.783827
5 0.942506 0.698265 0.114882 0.600135 0.705378
5 0.876046 0.578366 0.247185 0.841473 0.698385
5 0.772901 0.244104 0.450929 0.487376 0.648137
8 0.219063 0.236022 0.433288 0.470075 0.611962
5 0.251228 0.48015 0.3614 0.958161 0.783827
5 0.942506 0.698265 0.114882 0.600135 0.705378
5 0.876046 0.578366 0.247185 0.841473 0.698385
5 0.772901 0.244104 0.450929 0.487376 0.648137
8 0.219063 0.236022 0.433288 0.470075 0.611962
5 0.251228 0.48015 0.3614 0.958161 0.783827
5 0.942506 0.698265 0.114882 0.600135 0.705378
5 0.876046 0.578366 0.247185 0.841473 0.698385
5 0.772901 0.244104 0.450929 0.487376 0.648137
8 0.219063 0.236022 0.433288 0.470075 0.611962
5 0.251228 0.48015 0.3614 0.958161 0.783827
5 0.942506 0.698265 0.114882 0.600135 0.705378
5 0.876046 0.578366 0.247185 0.841473 0.698385
5 0.772901 0.244104 0.450929 0.487376 0.648137
8 0.219063 0.236022 0.433288 0.470075 0.611962
