5 0.126199 0.267594 0.240024 0.532608 0.863485
5 0.45435 0.499102 0.18281 0.996601 0.772957
4 0.0905228 0.281817 0.13064 0.315356 0.746671
0 0.143157 0.0376808 0.0783245 0.0724447 0.702366
3 0.145981 0.142062 0.0404126 0.0694112 0.616614
5 0.126199 0.267594 0.240024 0.532608 0.863485
5 0.45435 0.499102 0.18281 0.996601 0.772957
4 0.0905228 0.281817 0.13064 0.315356 0.746671
0 0.143157 0.0376808 0.0783245 0.0724447 0.702366
3 0.145981 0.142062 0.0404126 0.0694112 0.616614
5 0.126199 0.267594 0.240024 0.532608 0.863485
5 0.45435 0.499102 0.18281 0.996601 0.772957
4 0.0905228 0.281817 0.13064 0.315356 0.746671
0 0.143157 0.0376808 0.0783245 0.0724447 0.702366
3 0.145981 0.142062 0.0404126 0.0694112 0.616614
5 0.126199 0.267594 0.240024 0.532608 0.863485
5 0.45435 0.499102 0.18281 0.996601 0.772957
4 0.0905228 0.281817 0.13064 0.315356 0.746671
0 0.143157 0.0376808 0.0783245 0.0724447 0.702366
3 0.145981 0.142062 0.0404126 0.0694112 0.616614
