4 0.386582 0.415426 0.080636 0.252355 0.88153
5 0.541026 0.497545 0.253801 0.995089 0.833732
4 0.532162 0.198811 0.204516 0.397622 0.700832
5 0.31757 0.544915 0.218506 0.907104 0.605422
4 0.386582 0.415426 0.080636 0.252355 0.88153
5 0.541026 0.497545 0.253801 0.995089 0.833732
4 0.532162 0.198811 0.204516 0.397622 0.700832
5 0.31757 0.544915 0.218506 0.907104 0.605422
4 0.386582 0.415426 0.080636 0.252355 0.88153
5 0.541026 0.497545 0.253801 0.995089 0.833732
4 0.532162 0.198811 0.204516 0.397622 0.700832
5 0.31757 0.544915 0.218506 0.907104 0.605422
4 0.386582 0.415426 0.080636 0.252355 0.88153
5 0.541026 0.497545 0.253801 0.995089 0.833732
4 0.532162 0.198811 0.204516 0.397622 0.700832
5 0.31757 0.544915 0.218506 0.907104 0.605422
