5 0.0955678 0.263167 0.190927 0.523826 0.921308
4 0.663993 0.153964 0.240645 0.307928 0.882897
5 0.695372 0.49605 0.368919 0.989979 0.870919
5 0.659244 0.499447 0.256007 0.998893 0.80987
5 0.0955678 0.263167 0.190927 0.523826 0.921308
4 0.663993 0.153964 0.240645 0.307928 0.882897
5 0.695372 0.49605 0.368919 0.989979 0.870919
5 0.659244 0.499447 0.256007 0.998893 0.80987
5 0.0955678 0.263167 0.190927 0.523826 0.921308
4 0.663993 0.153964 0.240645 0.307928 0.882897
5 0.695372 0.49605 0.368919 0.989979 0.870919
5 0.659244 0.499447 0.256007 0.998893 0.80987
5 0.0955678 0.263167 0.190927 0.523826 0.921308
4 0.663993 0.153964 0.240645 0.307928 0.882897
5 0.695372 0.49605 0.368919 0.989979 0.870919
5 0.659244 0.499447 0.256007 0.998893 0.80987
