5 0.321029 0.467069 0.232073 0.795043 0.90844
4 0.610587 0.19325 0.172164 0.3865 0.881342
5 0.569784 0.500806 0.271538 0.998322 0.861523
4 0.306092 0.339108 0.106866 0.29372 0.844848
0 0.380482 0.137537 0.0739044 0.09984 0.764691
3 0.376525 0.212476 0.0303836 0.0616265 0.655727
5 0.321029 0.467069 0.232073 0.795043 0.90844
4 0.610587 0.19325 0.172164 0.3865 0.881342
5 0.569784 0.500806 0.271538 0.998322 0.861523
4 0.306092 0.339108 0.106866 0.29372 0.844848
0 0.380482 0.137537 0.0739044 0.09984 0.764691
3 0.376525 0.212476 0.0303836 0.0616265 0.655727
5 0.321029 0.467069 0.232073 0.795043 0.90844
4 0.610587 0.19325 0.172164 0.3865 0.881342
5 0.569784 0.500806 0.271538 0.998322 0.861523
4 0.306092 0.339108 0.106866 0.29372 0.844848
0 0.380482 0.137537 0.0739044 0.09984 0.764691
3 0.376525 0.212476 0.0303836 0.0616265 0.655727
5 0.321029 0.467069 0.232073 0.795043 0.90844
4 0.610587 0.19325 0.172164 0.3865 0.881342
5 0.569784 0.500806 0.271538 0.998322 0.861523
4 0.306092 0.339108 0.106866 0.29372 0.844848
0 0.380482 0.137537 0.0739044 0.09984 0.764691
3 0.376525 0.212476 0.0303836 0.0616265 0.655727
