5 0.381182 0.504844 0.170553 0.845264 0.804497
4 0.428531 0.335037 0.0698189 0.19376 0.800579
4 0.0826243 0.169938 0.164505 0.339876 0.708286
0 0.439072 0.148452 0.0533649 0.0846471 0.663429
5 0.381182 0.504844 0.170553 0.845264 0.804497
4 0.428531 0.335037 0.0698189 0.19376 0.800579
4 0.0826243 0.169938 0.164505 0.339876 0.708286
0 0.439072 0.148452 0.0533649 0.0846471 0.663429
5 0.381182 0.504844 0.170553 0.845264 0.804497
4 0.428531 0.335037 0.0698189 0.19376 0.800579
4 0.0826243 0.169938 0.164505 0.339876 0.708286
0 0.439072 0.148452 0.0533649 0.0846471 0.663429
5 0.381182 0.504844 0.170553 0.845264 0.804497
4 0.428531 0.335037 0.0698189 0.19376 0.800579
4 0.0826243 0.169938 0.164505 0.339876 0.708286
0 0.439072 0.148452 0.0533649 0.0846471 0.663429
