5 0.587434 0.499904 0.249676 0.999807 0.879371
5 0.402185 0.467367 0.12584 0.877327 0.804431
4 0.605308 0.200963 0.166911 0.401925 0.74742
4 0.434687 0.341184 0.0535321 0.274852 0.664088
2 0.435165 0.082346 0.0422688 0.14235 0.647103
5 0.587434 0.499904 0.249676 0.999807 0.879371
5 0.402185 0.467367 0.12584 0.877327 0.804431
4 0.605308 0.200963 0.166911 0.401925 0.74742
4 0.434687 0.341184 0.0535321 0.274852 0.664088
2 0.435165 0.082346 0.0422688 0.14235 0.647103
5 0.587434 0.499904 0.249676 0.999807 0.879371
5 0.402185 0.467367 0.12584 0.877327 0.804431
4 0.605308 0.200963 0.166911 0.401925 0.74742
4 0.434687 0.341184 0.0535321 0.274852 0.664088
2 0.435165 0.082346 0.0422688 0.14235 0.647103
5 0.587434 0.499904 0.249676 0.999807 0.879371
5 0.402185 0.467367 0.12584 0.877327 0.804431
4 0.605308 0.200963 0.166911 0.401925 0.74742
4 0.434687 0.341184 0.0535321 0.274852 0.664088
2 0.435165 0.082346 0.0422688 0.14235 0.647103
