5 0.689587 0.498775 0.426522 0.997551 0.904407
5 0.360418 0.485883 0.201947 0.97156 0.838884
4 0.673417 0.171515 0.27695 0.343031 0.787448
5 0.689587 0.498775 0.426522 0.997551 0.904407
5 0.360418 0.485883 0.201947 0.97156 0.838884
4 0.673417 0.171515 0.27695 0.343031 0.787448
5 0.689587 0.498775 0.426522 0.997551 0.904407
5 0.360418 0.485883 0.201947 0.97156 0.838884
4 0.673417 0.171515 0.27695 0.343031 0.787448
5 0.689587 0.498775 0.426522 0.997551 0.904407
5 0.360418 0.485883 0.201947 0.97156 0.838884
4 0.673417 0.171515 0.27695 0.343031 0.787448
