5 0.377373 0.45538 0.186114 0.796611 0.865415
0 0.397762 0.111927 0.0789507 0.0897035 0.817593
4 0.421161 0.362023 0.0901825 0.370239 0.731597
4 0.166372 0.177125 0.195396 0.35334 0.603154
5 0.377373 0.45538 0.186114 0.796611 0.865415
0 0.397762 0.111927 0.0789507 0.0897035 0.817593
4 0.421161 0.362023 0.0901825 0.370239 0.731597
4 0.166372 0.177125 0.195396 0.35334 0.603154
5 0.377373 0.45538 0.186114 0.796611 0.865415
0 0.397762 0.111927 0.0789507 0.0897035 0.817593
4 0.421161 0.362023 0.0901825 0.370239 0.731597
4 0.166372 0.177125 0.195396 0.35334 0.603154
5 0.377373 0.45538 0.186114 0.796611 0.865415
0 0.397762 0.111927 0.0789507 0.0897035 0.817593
4 0.421161 0.362023 0.0901825 0.370239 0.731597
4 0.166372 0.177125 0.195396 0.35334 0.603154
