5 0.315402 0.499529 0.400562 0.998362 0.927363
4 0.180851 0.348702 0.103264 0.272174 0.857684
5 0.183364 0.413172 0.153092 0.773814 0.798721
4 0.383063 0.186271 0.198998 0.372541 0.781315
5 0.315402 0.499529 0.400562 0.998362 0.927363
4 0.180851 0.348702 0.103264 0.272174 0.857684
5 0.183364 0.413172 0.153092 0.773814 0.798721
4 0.383063 0.186271 0.198998 0.372541 0.781315
5 0.315402 0.499529 0.400562 0.998362 0.927363
4 0.180851 0.348702 0.103264 0.272174 0.857684
5 0.183364 0.413172 0.153092 0.773814 0.798721
4 0.383063 0.186271 0.198998 0.372541 0.781315
5 0.315402 0.499529 0.400562 0.998362 0.927363
4 0.180851 0.348702 0.103264 0.272174 0.857684
5 0.183364 0.413172 0.153092 0.773814 0.798721
4 0.383063 0.186271 0.198998 0.372541 0.781315
