5 0.159845 0.499061 0.316128 0.996577 0.890867
5 0.367185 0.440946 0.195326 0.881892 0.86317
4 0.143555 0.169067 0.175893 0.338135 0.664749
5 0.159845 0.499061 0.316128 0.996577 0.890867
5 0.367185 0.440946 0.195326 0.881892 0.86317
4 0.143555 0.169067 0.175893 0.338135 0.664749
5 0.159845 0.499061 0.316128 0.996577 0.890867
5 0.367185 0.440946 0.195326 0.881892 0.86317
4 0.143555 0.169067 0.175893 0.338135 0.664749
5 0.159845 0.499061 0.316128 0.996577 0.890867
5 0.367185 0.440946 0.195326 0.881892 0.86317
4 0.143555 0.169067 0.175893 0.338135 0.664749
