5 0.381168 0.519267 0.150834 0.762817 0.838907
4 0.386904 0.394759 0.113935 0.246681 0.805038
5 0.626622 0.651557 0.153605 0.69491 0.775799
5 0.627482 0.502862 0.151566 0.990644 0.633658
5 0.381168 0.519267 0.150834 0.762817 0.838907
4 0.386904 0.394759 0.113935 0.246681 0.805038
5 0.626622 0.651557 0.153605 0.69491 0.775799
5 0.627482 0.502862 0.151566 0.990644 0.633658
5 0.381168 0.519267 0.150834 0.762817 0.838907
4 0.386904 0.394759 0.113935 0.246681 0.805038
5 0.626622 0.651557 0.153605 0.69491 0.775799
5 0.627482 0.502862 0.151566 0.990644 0.633658
5 0.381168 0.519267 0.150834 0.762817 0.838907
4 0.386904 0.394759 0.113935 0.246681 0.805038
5 0.626622 0.651557 0.153605 0.69491 0.775799
5 0.627482 0.502862 0.151566 0.990644 0.633658
