5 0.241251 0.499735 0.254614 0.99947 0.804482
4 0.216205 0.178072 0.161551 0.356144 0.795399
5 0.185229 0.495771 0.366415 0.991542 0.71348
5 0.241251 0.499735 0.254614 0.99947 0.804482
4 0.216205 0.178072 0.161551 0.356144 0.795399
5 0.185229 0.495771 0.366415 0.991542 0.71348
5 0.241251 0.499735 0.254614 0.99947 0.804482
4 0.216205 0.178072 0.161551 0.356144 0.795399
5 0.185229 0.495771 0.366415 0.991542 0.71348
5 0.241251 0.499735 0.254614 0.99947 0.804482
4 0.216205 0.178072 0.161551 0.356144 0.795399
5 0.185229 0.495771 0.366415 0.991542 0.71348
