5 0.242876 0.48883 0.306878 0.739526 0.903044
4 0.224044 0.354778 0.131464 0.250322 0.885158
5 0.452958 0.499378 0.401253 0.998499 0.869198
5 0.242876 0.48883 0.306878 0.739526 0.903044
4 0.224044 0.354778 0.131464 0.250322 0.885158
5 0.452958 0.499378 0.401253 0.998499 0.869198
5 0.242876 0.48883 0.306878 0.739526 0.903044
4 0.224044 0.354778 0.131464 0.250322 0.885158
5 0.452958 0.499378 0.401253 0.998499 0.869198
5 0.242876 0.48883 0.306878 0.739526 0.903044
4 0.224044 0.354778 0.131464 0.250322 0.885158
5 0.452958 0.499378 0.401253 0.998499 0.869198
