4 0.41613 0.338631 0.097583 0.334365 0.872077
0 0.388147 0.109299 0.0797624 0.0940533 0.834861
5 0.380419 0.453593 0.181775 0.802041 0.834605
4 0.41613 0.338631 0.097583 0.334365 0.872077
0 0.388147 0.109299 0.0797624 0.0940533 0.834861
5 0.380419 0.453593 0.181775 0.802041 0.834605
4 0.41613 0.338631 0.097583 0.334365 0.872077
0 0.388147 0.109299 0.0797624 0.0940533 0.834861
5 0.380419 0.453593 0.181775 0.802041 0.834605
4 0.41613 0.338631 0.097583 0.334365 0.872077
0 0.388147 0.109299 0.0797624 0.0940533 0.834861
5 0.380419 0.453593 0.181775 0.802041 0.834605
