4 0.618259 0.1993 0.237815 0.3986 0.878168
5 0.644938 0.5 0.412888 1 0.838633
0 0.39456 0.156868 0.0896568 0.105552 0.818691
4 0.309985 0.346354 0.151609 0.318036 0.648992
4 0.618259 0.1993 0.237815 0.3986 0.878168
5 0.644938 0.5 0.412888 1 0.838633
0 0.39456 0.156868 0.0896568 0.105552 0.818691
4 0.309985 0.346354 0.151609 0.318036 0.648992
4 0.618259 0.1993 0.237815 0.3986 0.878168
5 0.644938 0.5 0.412888 1 0.838633
0 0.39456 0.156868 0.0896568 0.105552 0.818691
4 0.309985 0.346354 0.151609 0.318036 0.648992
4 0.618259 0.1993 0.237815 0.3986 0.878168
5 0.644938 0.5 0.412888 1 0.838633
0 0.39456 0.156868 0.0896568 0.105552 0.818691
4 0.309985 0.346354 0.151609 0.318036 0.648992
