5 0.30191 0.50057 0.407068 0.998051 0.907496
4 0.161677 0.347049 0.0871871 0.293957 0.874696
4 0.334911 0.189674 0.178517 0.379348 0.723983
5 0.30191 0.50057 0.407068 0.998051 0.907496
4 0.161677 0.347049 0.0871871 0.293957 0.874696
4 0.334911 0.189674 0.178517 0.379348 0.723983
5 0.30191 0.50057 0.407068 0.998051 0.907496
4 0.161677 0.347049 0.0871871 0.293957 0.874696
4 0.334911 0.189674 0.178517 0.379348 0.723983
5 0.30191 0.50057 0.407068 0.998051 0.907496
4 0.161677 0.347049 0.0871871 0.293957 0.874696
4 0.334911 0.189674 0.178517 0.379348 0.723983
