5 0.69346 0.500083 0.355412 0.999833 0.882488
5 0.36448 0.458926 0.19765 0.913641 0.830349
4 0.679254 0.178007 0.28146 0.356014 0.797461
5 0.69346 0.500083 0.355412 0.999833 0.882488
5 0.36448 0.458926 0.19765 0.913641 0.830349
4 0.679254 0.178007 0.28146 0.356014 0.797461
5 0.69346 0.500083 0.355412 0.999833 0.882488
5 0.36448 0.458926 0.19765 0.913641 0.830349
4 0.679254 0.178007 0.28146 0.356014 0.797461
5 0.69346 0.500083 0.355412 0.999833 0.882488
5 0.36448 0.458926 0.19765 0.913641 0.830349
4 0.679254 0.178007 0.28146 0.356014 0.797461
