4 0.428692 0.327958 0.0709829 0.290556 0.861817
0 0.416522 0.119849 0.0784355 0.0959961 0.837673
5 0.412909 0.476365 0.100977 0.821797 0.736589
5 0.376925 0.462081 0.16608 0.800463 0.702604
4 0.18337 0.181138 0.216109 0.361782 0.610664
5 0.419582 0.274941 0.0903322 0.437618 0.603834
4 0.428692 0.327958 0.0709829 0.290556 0.861817
0 0.416522 0.119849 0.0784355 0.0959961 0.837673
5 0.412909 0.476365 0.100977 0.821797 0.736589
5 0.376925 0.462081 0.16608 0.800463 0.702604
4 0.18337 0.181138 0.216109 0.361782 0.610664
5 0.419582 0.274941 0.0903322 0.437618 0.603834
4 0.428692 0.327958 0.0709829 0.290556 0.861817
0 0.416522 0.119849 0.0784355 0.0959961 0.837673
5 0.412909 0.476365 0.100977 0.821797 0.736589
5 0.376925 0.462081 0.16608 0.800463 0.702604
4 0.18337 0.181138 0.216109 0.361782 0.610664
5 0.419582 0.274941 0.0903322 0.437618 0.603834
4 0.428692 0.327958 0.0709829 0.290556 0.861817
0 0.416522 0.119849 0.0784355 0.0959961 0.837673
5 0.412909 0.476365 0.100977 0.821797 0.736589
5 0.376925 0.462081 0.16608 0.800463 0.702604
4 0.18337 0.181138 0.216109 0.361782 0.610664
5 0.419582 0.274941 0.0903322 0.437618 0.603834
