5 0.668132 0.499943 0.478482 0.999885 0.899278
4 0.677427 0.203481 0.270012 0.406962 0.772674
5 0.359285 0.499228 0.300849 0.998455 0.66763
5 0.668132 0.499943 0.478482 0.999885 0.899278
4 0.677427 0.203481 0.270012 0.406962 0.772674
5 0.359285 0.499228 0.300849 0.998455 0.66763
5 0.668132 0.499943 0.478482 0.999885 0.899278
4 0.677427 0.203481 0.270012 0.406962 0.772674
5 0.359285 0.499228 0.300849 0.998455 0.66763
5 0.668132 0.499943 0.478482 0.999885 0.899278
4 0.677427 0.203481 0.270012 0.406962 0.772674
5 0.359285 0.499228 0.300849 0.998455 0.66763
