5 0.310168 0.499188 0.407436 0.998377 0.920408
4 0.177174 0.347654 0.106073 0.274739 0.86453
5 0.176047 0.422851 0.166734 0.753784 0.842119
4 0.371058 0.192508 0.201811 0.385016 0.672353
5 0.310168 0.499188 0.407436 0.998377 0.920408
4 0.177174 0.347654 0.106073 0.274739 0.86453
5 0.176047 0.422851 0.166734 0.753784 0.842119
4 0.371058 0.192508 0.201811 0.385016 0.672353
5 0.310168 0.499188 0.407436 0.998377 0.920408
4 0.177174 0.347654 0.106073 0.274739 0.86453
5 0.176047 0.422851 0.166734 0.753784 0.842119
4 0.371058 0.192508 0.201811 0.385016 0.672353
5 0.310168 0.499188 0.407436 0.998377 0.920408
4 0.177174 0.347654 0.106073 0.274739 0.86453
5 0.176047 0.422851 0.166734 0.753784 0.842119
4 0.371058 0.192508 0.201811 0.385016 0.672353
