5 0.563309 0.497618 0.256065 0.993761 0.887282
5 0.415268 0.293892 0.125132 0.455918 0.824444
4 0.587507 0.175551 0.17108 0.351102 0.72932
3 0.451678 0.296556 0.0304678 0.0721969 0.626074
5 0.563309 0.497618 0.256065 0.993761 0.887282
5 0.415268 0.293892 0.125132 0.455918 0.824444
4 0.587507 0.175551 0.17108 0.351102 0.72932
3 0.451678 0.296556 0.0304678 0.0721969 0.626074
5 0.563309 0.497618 0.256065 0.993761 0.887282
5 0.415268 0.293892 0.125132 0.455918 0.824444
4 0.587507 0.175551 0.17108 0.351102 0.72932
3 0.451678 0.296556 0.0304678 0.0721969 0.626074
5 0.563309 0.497618 0.256065 0.993761 0.887282
5 0.415268 0.293892 0.125132 0.455918 0.824444
4 0.587507 0.175551 0.17108 0.351102 0.72932
3 0.451678 0.296556 0.0304678 0.0721969 0.626074
