5 0.330368 0.448177 0.249892 0.86369 0.898647
5 0.619292 0.469993 0.245322 0.939986 0.880463
4 0.355805 0.307439 0.1257 0.313339 0.87284
2 0.305764 0.116786 0.0935829 0.163863 0.765091
5 0.330368 0.448177 0.249892 0.86369 0.898647
5 0.619292 0.469993 0.245322 0.939986 0.880463
4 0.355805 0.307439 0.1257 0.313339 0.87284
2 0.305764 0.116786 0.0935829 0.163863 0.765091
5 0.330368 0.448177 0.249892 0.86369 0.898647
5 0.619292 0.469993 0.245322 0.939986 0.880463
4 0.355805 0.307439 0.1257 0.313339 0.87284
2 0.305764 0.116786 0.0935829 0.163863 0.765091
5 0.330368 0.448177 0.249892 0.86369 0.898647
5 0.619292 0.469993 0.245322 0.939986 0.880463
4 0.355805 0.307439 0.1257 0.313339 0.87284
2 0.305764 0.116786 0.0935829 0.163863 0.765091
