5 0.377465 0.524231 0.171546 0.882412 0.818458
4 0.428761 0.334875 0.0687564 0.199914 0.813906
0 0.438205 0.15001 0.0467138 0.079191 0.740685
5 0.377465 0.524231 0.171546 0.882412 0.818458
4 0.428761 0.334875 0.0687564 0.199914 0.813906
0 0.438205 0.15001 0.0467138 0.079191 0.740685
5 0.377465 0.524231 0.171546 0.882412 0.818458
4 0.428761 0.334875 0.0687564 0.199914 0.813906
0 0.438205 0.15001 0.0467138 0.079191 0.740685
5 0.377465 0.524231 0.171546 0.882412 0.818458
4 0.428761 0.334875 0.0687564 0.199914 0.813906
0 0.438205 0.15001 0.0467138 0.079191 0.740685
