5 0.308092 0.485779 0.265676 0.971214 0.895881
5 0.635721 0.493931 0.245099 0.983964 0.879934
4 0.323926 0.308465 0.136183 0.344753 0.860543
0 0.289189 0.0632033 0.0919662 0.12326 0.859944
3 0.301362 0.163953 0.0495835 0.0533235 0.621491
5 0.308092 0.485779 0.265676 0.971214 0.895881
5 0.635721 0.493931 0.245099 0.983964 0.879934
4 0.323926 0.308465 0.136183 0.344753 0.860543
0 0.289189 0.0632033 0.0919662 0.12326 0.859944
3 0.301362 0.163953 0.0495835 0.0533235 0.621491
5 0.308092 0.485779 0.265676 0.971214 0.895881
5 0.635721 0.493931 0.245099 0.983964 0.879934
4 0.323926 0.308465 0.136183 0.344753 0.860543
0 0.289189 0.0632033 0.0919662 0.12326 0.859944
3 0.301362 0.163953 0.0495835 0.0533235 0.621491
5 0.308092 0.485779 0.265676 0.971214 0.895881
5 0.635721 0.493931 0.245099 0.983964 0.879934
4 0.323926 0.308465 0.136183 0.344753 0.860543
0 0.289189 0.0632033 0.0919662 0.12326 0.859944
3 0.301362 0.163953 0.0495835 0.0533235 0.621491
