5 0.379673 0.537186 0.177852 0.887101 0.831413
4 0.428984 0.335928 0.0697695 0.191709 0.793867
0 0.439166 0.146266 0.0532927 0.0807432 0.657474
5 0.379673 0.537186 0.177852 0.887101 0.831413
4 0.428984 0.335928 0.0697695 0.191709 0.793867
0 0.439166 0.146266 0.0532927 0.0807432 0.657474
5 0.379673 0.537186 0.177852 0.887101 0.831413
4 0.428984 0.335928 0.0697695 0.191709 0.793867
0 0.439166 0.146266 0.0532927 0.0807432 0.657474
5 0.379673 0.537186 0.177852 0.887101 0.831413
4 0.428984 0.335928 0.0697695 0.191709 0.793867
0 0.439166 0.146266 0.0532927 0.0807432 0.657474
