5 0.870831 0.694408 0.251212 0.611184 0.911848
5 0.259414 0.483166 0.319761 0.965018 0.707965
5 0.316479 0.480234 0.458718 0.959698 0.627534
5 0.870831 0.694408 0.251212 0.611184 0.911848
5 0.259414 0.483166 0.319761 0.965018 0.707965
5 0.316479 0.480234 0.458718 0.959698 0.627534
5 0.870831 0.694408 0.251212 0.611184 0.911848
5 0.259414 0.483166 0.319761 0.965018 0.707965
5 0.316479 0.480234 0.458718 0.959698 0.627534
5 0.870831 0.694408 0.251212 0.611184 0.911848
5 0.259414 0.483166 0.319761 0.965018 0.707965
5 0.316479 0.480234 0.458718 0.959698 0.627534
