5 0.843379 0.500244 0.306768 0.998875 0.886766
5 0.327424 0.477608 0.446995 0.955026 0.727043
4 0.891758 0.206907 0.164348 0.411189 0.704445
5 0.258802 0.48481 0.307389 0.968969 0.695924
5 0.843379 0.500244 0.306768 0.998875 0.886766
5 0.327424 0.477608 0.446995 0.955026 0.727043
4 0.891758 0.206907 0.164348 0.411189 0.704445
5 0.258802 0.48481 0.307389 0.968969 0.695924
5 0.843379 0.500244 0.306768 0.998875 0.886766
5 0.327424 0.477608 0.446995 0.955026 0.727043
4 0.891758 0.206907 0.164348 0.411189 0.704445
5 0.258802 0.48481 0.307389 0.968969 0.695924
5 0.843379 0.500244 0.306768 0.998875 0.886766
5 0.327424 0.477608 0.446995 0.955026 0.727043
4 0.891758 0.206907 0.164348 0.411189 0.704445
5 0.258802 0.48481 0.307389 0.968969 0.695924
