5 0.54261 0.500007 0.243749 0.999116 0.872087
4 0.531638 0.193834 0.20596 0.387668 0.856682
5 0.313555 0.592884 0.218005 0.814232 0.670488
5 0.313442 0.751235 0.218199 0.49753 0.650222
5 0.54261 0.500007 0.243749 0.999116 0.872087
4 0.531638 0.193834 0.20596 0.387668 0.856682
5 0.313555 0.592884 0.218005 0.814232 0.670488
5 0.313442 0.751235 0.218199 0.49753 0.650222
5 0.54261 0.500007 0.243749 0.999116 0.872087
4 0.531638 0.193834 0.20596 0.387668 0.856682
5 0.313555 0.592884 0.218005 0.814232 0.670488
5 0.313442 0.751235 0.218199 0.49753 0.650222
5 0.54261 0.500007 0.243749 0.999116 0.872087
4 0.531638 0.193834 0.20596 0.387668 0.856682
5 0.313555 0.592884 0.218005 0.814232 0.670488
5 0.313442 0.751235 0.218199 0.49753 0.650222
