5 0.878898 0.499594 0.242204 0.999189 0.887655
5 0.380316 0.498036 0.442051 0.996072 0.846921
4 0.944487 0.252229 0.110919 0.345172 0.841996
2 0.597102 0.127286 0.0886781 0.121975 0.805431
5 0.478863 0.499079 0.65039 0.998158 0.780947
5 0.878898 0.499594 0.242204 0.999189 0.887655
5 0.380316 0.498036 0.442051 0.996072 0.846921
4 0.944487 0.252229 0.110919 0.345172 0.841996
2 0.597102 0.127286 0.0886781 0.121975 0.805431
5 0.478863 0.499079 0.65039 0.998158 0.780947
5 0.878898 0.499594 0.242204 0.999189 0.887655
5 0.380316 0.498036 0.442051 0.996072 0.846921
4 0.944487 0.252229 0.110919 0.345172 0.841996
2 0.597102 0.127286 0.0886781 0.121975 0.805431
5 0.478863 0.499079 0.65039 0.998158 0.780947
5 0.878898 0.499594 0.242204 0.999189 0.887655
5 0.380316 0.498036 0.442051 0.996072 0.846921
4 0.944487 0.252229 0.110919 0.345172 0.841996
2 0.597102 0.127286 0.0886781 0.121975 0.805431
5 0.478863 0.499079 0.65039 0.998158 0.780947
