5 0.683937 0.49998 0.376208 0.999421 0.888341
5 0.361404 0.487341 0.20269 0.974682 0.839044
4 0.679345 0.172739 0.281173 0.345478 0.782251
5 0.683937 0.49998 0.376208 0.999421 0.888341
5 0.361404 0.487341 0.20269 0.974682 0.839044
4 0.679345 0.172739 0.281173 0.345478 0.782251
5 0.683937 0.49998 0.376208 0.999421 0.888341
5 0.361404 0.487341 0.20269 0.974682 0.839044
4 0.679345 0.172739 0.281173 0.345478 0.782251
5 0.683937 0.49998 0.376208 0.999421 0.888341
5 0.361404 0.487341 0.20269 0.974682 0.839044
4 0.679345 0.172739 0.281173 0.345478 0.782251
