5 0.580858 0.497588 0.269447 0.993407 0.885798
5 0.3587 0.438735 0.203319 0.655387 0.86762
3 0.395064 0.279302 0.0433618 0.0622275 0.660209
7 0.611849 0.175254 0.182978 0.350508 0.659115
5 0.580858 0.497588 0.269447 0.993407 0.885798
5 0.3587 0.438735 0.203319 0.655387 0.86762
3 0.395064 0.279302 0.0433618 0.0622275 0.660209
7 0.611849 0.175254 0.182978 0.350508 0.659115
5 0.580858 0.497588 0.269447 0.993407 0.885798
5 0.3587 0.438735 0.203319 0.655387 0.86762
3 0.395064 0.279302 0.0433618 0.0622275 0.660209
7 0.611849 0.175254 0.182978 0.350508 0.659115
5 0.580858 0.497588 0.269447 0.993407 0.885798
5 0.3587 0.438735 0.203319 0.655387 0.86762
3 0.395064 0.279302 0.0433618 0.0622275 0.660209
7 0.611849 0.175254 0.182978 0.350508 0.659115
