5 0.612045 0.46656 0.249853 0.903598 0.861121
4 0.421109 0.368173 0.075276 0.240938 0.85817
5 0.379703 0.549276 0.157108 0.70717 0.839372
4 0.634587 0.277074 0.101968 0.23872 0.820497
0 0.353604 0.295488 0.0844007 0.167337 0.727553
5 0.612045 0.46656 0.249853 0.903598 0.861121
4 0.421109 0.368173 0.075276 0.240938 0.85817
5 0.379703 0.549276 0.157108 0.70717 0.839372
4 0.634587 0.277074 0.101968 0.23872 0.820497
0 0.353604 0.295488 0.0844007 0.167337 0.727553
5 0.612045 0.46656 0.249853 0.903598 0.861121
4 0.421109 0.368173 0.075276 0.240938 0.85817
5 0.379703 0.549276 0.157108 0.70717 0.839372
4 0.634587 0.277074 0.101968 0.23872 0.820497
0 0.353604 0.295488 0.0844007 0.167337 0.727553
5 0.612045 0.46656 0.249853 0.903598 0.861121
4 0.421109 0.368173 0.075276 0.240938 0.85817
5 0.379703 0.549276 0.157108 0.70717 0.839372
4 0.634587 0.277074 0.101968 0.23872 0.820497
0 0.353604 0.295488 0.0844007 0.167337 0.727553
