4 0.378785 0.281394 0.126134 0.290768 0.904886
5 0.596352 0.461703 0.22546 0.922681 0.887262
5 0.369788 0.445345 0.227655 0.806659 0.863865
4 0.592993 0.222136 0.10082 0.307545 0.802062
0 0.533224 0.057769 0.109902 0.113938 0.697934
2 0.326346 0.146713 0.09203 0.190468 0.686574
4 0.378785 0.281394 0.126134 0.290768 0.904886
5 0.596352 0.461703 0.22546 0.922681 0.887262
5 0.369788 0.445345 0.227655 0.806659 0.863865
4 0.592993 0.222136 0.10082 0.307545 0.802062
0 0.533224 0.057769 0.109902 0.113938 0.697934
2 0.326346 0.146713 0.09203 0.190468 0.686574
4 0.378785 0.281394 0.126134 0.290768 0.904886
5 0.596352 0.461703 0.22546 0.922681 0.887262
5 0.369788 0.445345 0.227655 0.806659 0.863865
4 0.592993 0.222136 0.10082 0.307545 0.802062
0 0.533224 0.057769 0.109902 0.113938 0.697934
2 0.326346 0.146713 0.09203 0.190468 0.686574
4 0.378785 0.281394 0.126134 0.290768 0.904886
5 0.596352 0.461703 0.22546 0.922681 0.887262
5 0.369788 0.445345 0.227655 0.806659 0.863865
4 0.592993 0.222136 0.10082 0.307545 0.802062
0 0.533224 0.057769 0.109902 0.113938 0.697934
2 0.326346 0.146713 0.09203 0.190468 0.686574
