5 0.579745 0.497081 0.263523 0.994161 0.88939
5 0.366534 0.435676 0.197105 0.660089 0.862005
4 0.615645 0.174389 0.173706 0.348779 0.779027
4 0.370578 0.397056 0.095582 0.235649 0.761815
3 0.395461 0.279284 0.0422768 0.0624326 0.722565
5 0.579745 0.497081 0.263523 0.994161 0.88939
5 0.366534 0.435676 0.197105 0.660089 0.862005
4 0.615645 0.174389 0.173706 0.348779 0.779027
4 0.370578 0.397056 0.095582 0.235649 0.761815
3 0.395461 0.279284 0.0422768 0.0624326 0.722565
5 0.579745 0.497081 0.263523 0.994161 0.88939
5 0.366534 0.435676 0.197105 0.660089 0.862005
4 0.615645 0.174389 0.173706 0.348779 0.779027
4 0.370578 0.397056 0.095582 0.235649 0.761815
3 0.395461 0.279284 0.0422768 0.0624326 0.722565
5 0.579745 0.497081 0.263523 0.994161 0.88939
5 0.366534 0.435676 0.197105 0.660089 0.862005
4 0.615645 0.174389 0.173706 0.348779 0.779027
4 0.370578 0.397056 0.095582 0.235649 0.761815
3 0.395461 0.279284 0.0422768 0.0624326 0.722565
