4 0.377064 0.364843 0.0976355 0.242879 0.900877
5 0.380767 0.306274 0.16988 0.423814 0.87911
5 0.57746 0.498696 0.266811 0.997391 0.816417
0 0.397092 0.150469 0.0847834 0.109463 0.813912
4 0.606956 0.176187 0.163079 0.352374 0.7491
3 0.398523 0.255166 0.0342661 0.0498737 0.69709
4 0.383933 0.337477 0.0857351 0.199922 0.681899
4 0.377064 0.364843 0.0976355 0.242879 0.900877
5 0.380767 0.306274 0.16988 0.423814 0.87911
5 0.57746 0.498696 0.266811 0.997391 0.816417
0 0.397092 0.150469 0.0847834 0.109463 0.813912
4 0.606956 0.176187 0.163079 0.352374 0.7491
3 0.398523 0.255166 0.0342661 0.0498737 0.69709
4 0.383933 0.337477 0.0857351 0.199922 0.681899
4 0.377064 0.364843 0.0976355 0.242879 0.900877
5 0.380767 0.306274 0.16988 0.423814 0.87911
5 0.57746 0.498696 0.266811 0.997391 0.816417
0 0.397092 0.150469 0.0847834 0.109463 0.813912
4 0.606956 0.176187 0.163079 0.352374 0.7491
3 0.398523 0.255166 0.0342661 0.0498737 0.69709
4 0.383933 0.337477 0.0857351 0.199922 0.681899
4 0.377064 0.364843 0.0976355 0.242879 0.900877
5 0.380767 0.306274 0.16988 0.423814 0.87911
5 0.57746 0.498696 0.266811 0.997391 0.816417
0 0.397092 0.150469 0.0847834 0.109463 0.813912
4 0.606956 0.176187 0.163079 0.352374 0.7491
3 0.398523 0.255166 0.0342661 0.0498737 0.69709
4 0.383933 0.337477 0.0857351 0.199922 0.681899
