0 0.363492 0.0642306 0.0839959 0.0948856 0.795917
4 0.271824 0.304494 0.179238 0.3861 0.778605
5 0.325628 0.249992 0.334951 0.499361 0.74806
5 0.729108 0.260695 0.491865 0.519309 0.731083
5 0.736483 0.500608 0.522209 0.998784 0.648074
0 0.363492 0.0642306 0.0839959 0.0948856 0.795917
4 0.271824 0.304494 0.179238 0.3861 0.778605
5 0.325628 0.249992 0.334951 0.499361 0.74806
5 0.729108 0.260695 0.491865 0.519309 0.731083
5 0.736483 0.500608 0.522209 0.998784 0.648074
0 0.363492 0.0642306 0.0839959 0.0948856 0.795917
4 0.271824 0.304494 0.179238 0.3861 0.778605
5 0.325628 0.249992 0.334951 0.499361 0.74806
5 0.729108 0.260695 0.491865 0.519309 0.731083
5 0.736483 0.500608 0.522209 0.998784 0.648074
0 0.363492 0.0642306 0.0839959 0.0948856 0.795917
4 0.271824 0.304494 0.179238 0.3861 0.778605
5 0.325628 0.249992 0.334951 0.499361 0.74806
5 0.729108 0.260695 0.491865 0.519309 0.731083
5 0.736483 0.500608 0.522209 0.998784 0.648074
