5 0.336733 0.472316 0.225252 0.78643 0.886571
4 0.336908 0.345907 0.104177 0.294035 0.859392
5 0.581846 0.499537 0.238929 0.998835 0.847846
0 0.400149 0.141018 0.0700573 0.0974085 0.803486
4 0.613868 0.195563 0.167805 0.391126 0.646655
5 0.336733 0.472316 0.225252 0.78643 0.886571
4 0.336908 0.345907 0.104177 0.294035 0.859392
5 0.581846 0.499537 0.238929 0.998835 0.847846
0 0.400149 0.141018 0.0700573 0.0974085 0.803486
4 0.613868 0.195563 0.167805 0.391126 0.646655
5 0.336733 0.472316 0.225252 0.78643 0.886571
4 0.336908 0.345907 0.104177 0.294035 0.859392
5 0.581846 0.499537 0.238929 0.998835 0.847846
0 0.400149 0.141018 0.0700573 0.0974085 0.803486
4 0.613868 0.195563 0.167805 0.391126 0.646655
5 0.336733 0.472316 0.225252 0.78643 0.886571
4 0.336908 0.345907 0.104177 0.294035 0.859392
5 0.581846 0.499537 0.238929 0.998835 0.847846
0 0.400149 0.141018 0.0700573 0.0974085 0.803486
4 0.613868 0.195563 0.167805 0.391126 0.646655
