4 0.4208 0.360418 0.083445 0.239769 0.876738
5 0.608211 0.478286 0.243506 0.853336 0.830459
5 0.382231 0.544704 0.167722 0.720059 0.815366
4 0.634808 0.268038 0.0863608 0.280271 0.749152
0 0.345867 0.27528 0.0800887 0.157909 0.734441
4 0.4208 0.360418 0.083445 0.239769 0.876738
5 0.608211 0.478286 0.243506 0.853336 0.830459
5 0.382231 0.544704 0.167722 0.720059 0.815366
4 0.634808 0.268038 0.0863608 0.280271 0.749152
0 0.345867 0.27528 0.0800887 0.157909 0.734441
4 0.4208 0.360418 0.083445 0.239769 0.876738
5 0.608211 0.478286 0.243506 0.853336 0.830459
5 0.382231 0.544704 0.167722 0.720059 0.815366
4 0.634808 0.268038 0.0863608 0.280271 0.749152
0 0.345867 0.27528 0.0800887 0.157909 0.734441
4 0.4208 0.360418 0.083445 0.239769 0.876738
5 0.608211 0.478286 0.243506 0.853336 0.830459
5 0.382231 0.544704 0.167722 0.720059 0.815366
4 0.634808 0.268038 0.0863608 0.280271 0.749152
0 0.345867 0.27528 0.0800887 0.157909 0.734441
