4 0.220771 0.177231 0.160667 0.354461 0.887237
5 0.240527 0.5 0.255 1 0.789692
5 0.170017 0.499279 0.337819 0.998557 0.655158
4 0.220771 0.177231 0.160667 0.354461 0.887237
5 0.240527 0.5 0.255 1 0.789692
5 0.170017 0.499279 0.337819 0.998557 0.655158
4 0.220771 0.177231 0.160667 0.354461 0.887237
5 0.240527 0.5 0.255 1 0.789692
5 0.170017 0.499279 0.337819 0.998557 0.655158
4 0.220771 0.177231 0.160667 0.354461 0.887237
5 0.240527 0.5 0.255 1 0.789692
5 0.170017 0.499279 0.337819 0.998557 0.655158
