5 0.336097 0.476497 0.242458 0.802079 0.904461
4 0.323545 0.344801 0.099176 0.293459 0.856223
5 0.579736 0.499661 0.240976 0.998015 0.854637
0 0.392302 0.139859 0.0740763 0.0964093 0.786273
4 0.615256 0.192235 0.170265 0.38447 0.783136
5 0.336097 0.476497 0.242458 0.802079 0.904461
4 0.323545 0.344801 0.099176 0.293459 0.856223
5 0.579736 0.499661 0.240976 0.998015 0.854637
0 0.392302 0.139859 0.0740763 0.0964093 0.786273
4 0.615256 0.192235 0.170265 0.38447 0.783136
5 0.336097 0.476497 0.242458 0.802079 0.904461
4 0.323545 0.344801 0.099176 0.293459 0.856223
5 0.579736 0.499661 0.240976 0.998015 0.854637
0 0.392302 0.139859 0.0740763 0.0964093 0.786273
4 0.615256 0.192235 0.170265 0.38447 0.783136
5 0.336097 0.476497 0.242458 0.802079 0.904461
4 0.323545 0.344801 0.099176 0.293459 0.856223
5 0.579736 0.499661 0.240976 0.998015 0.854637
0 0.392302 0.139859 0.0740763 0.0964093 0.786273
4 0.615256 0.192235 0.170265 0.38447 0.783136
