5 0.123245 0.284332 0.246489 0.464473 0.923353
5 0.808477 0.499562 0.37242 0.998927 0.907934
4 0.797102 0.175731 0.245372 0.351461 0.901071
0 0.143858 0.137684 0.0935816 0.104475 0.68817
5 0.123245 0.284332 0.246489 0.464473 0.923353
5 0.808477 0.499562 0.37242 0.998927 0.907934
4 0.797102 0.175731 0.245372 0.351461 0.901071
0 0.143858 0.137684 0.0935816 0.104475 0.68817
5 0.123245 0.284332 0.246489 0.464473 0.923353
5 0.808477 0.499562 0.37242 0.998927 0.907934
4 0.797102 0.175731 0.245372 0.351461 0.901071
0 0.143858 0.137684 0.0935816 0.104475 0.68817
5 0.123245 0.284332 0.246489 0.464473 0.923353
5 0.808477 0.499562 0.37242 0.998927 0.907934
4 0.797102 0.175731 0.245372 0.351461 0.901071
0 0.143858 0.137684 0.0935816 0.104475 0.68817
