5 0.291145 0.495579 0.218481 0.991159 0.89781
5 0.631543 0.477456 0.215587 0.954912 0.889816
4 0.303069 0.288486 0.125676 0.373523 0.888405
4 0.671451 0.25456 0.129836 0.404418 0.837467
0 0.288035 0.0309908 0.1082 0.0619816 0.813304
5 0.291145 0.495579 0.218481 0.991159 0.89781
5 0.631543 0.477456 0.215587 0.954912 0.889816
4 0.303069 0.288486 0.125676 0.373523 0.888405
4 0.671451 0.25456 0.129836 0.404418 0.837467
0 0.288035 0.0309908 0.1082 0.0619816 0.813304
5 0.291145 0.495579 0.218481 0.991159 0.89781
5 0.631543 0.477456 0.215587 0.954912 0.889816
4 0.303069 0.288486 0.125676 0.373523 0.888405
4 0.671451 0.25456 0.129836 0.404418 0.837467
0 0.288035 0.0309908 0.1082 0.0619816 0.813304
5 0.291145 0.495579 0.218481 0.991159 0.89781
5 0.631543 0.477456 0.215587 0.954912 0.889816
4 0.303069 0.288486 0.125676 0.373523 0.888405
4 0.671451 0.25456 0.129836 0.404418 0.837467
0 0.288035 0.0309908 0.1082 0.0619816 0.813304
