0 0.410391 0.0773053 0.0979953 0.141782 0.886414
0 0.272822 0.151843 0.0952204 0.128146 0.885374
4 0.199402 0.381038 0.113182 0.278186 0.805155
5 0.241415 0.306826 0.29463 0.460288 0.794815
5 0.388355 0.262742 0.419228 0.522293 0.778975
3 0.260961 0.24387 0.0417027 0.0590399 0.654757
0 0.410391 0.0773053 0.0979953 0.141782 0.886414
0 0.272822 0.151843 0.0952204 0.128146 0.885374
4 0.199402 0.381038 0.113182 0.278186 0.805155
5 0.241415 0.306826 0.29463 0.460288 0.794815
5 0.388355 0.262742 0.419228 0.522293 0.778975
3 0.260961 0.24387 0.0417027 0.0590399 0.654757
0 0.410391 0.0773053 0.0979953 0.141782 0.886414
0 0.272822 0.151843 0.0952204 0.128146 0.885374
4 0.199402 0.381038 0.113182 0.278186 0.805155
5 0.241415 0.306826 0.29463 0.460288 0.794815
5 0.388355 0.262742 0.419228 0.522293 0.778975
3 0.260961 0.24387 0.0417027 0.0590399 0.654757
0 0.410391 0.0773053 0.0979953 0.141782 0.886414
0 0.272822 0.151843 0.0952204 0.128146 0.885374
4 0.199402 0.381038 0.113182 0.278186 0.805155
5 0.241415 0.306826 0.29463 0.460288 0.794815
5 0.388355 0.262742 0.419228 0.522293 0.778975
3 0.260961 0.24387 0.0417027 0.0590399 0.654757
