5 0.216926 0.499125 0.188645 0.998249 0.824371
4 0.218353 0.184933 0.171091 0.369867 0.784717
5 0.0884434 0.495508 0.176887 0.991016 0.692414
5 0.216926 0.499125 0.188645 0.998249 0.824371
4 0.218353 0.184933 0.171091 0.369867 0.784717
5 0.0884434 0.495508 0.176887 0.991016 0.692414
5 0.216926 0.499125 0.188645 0.998249 0.824371
4 0.218353 0.184933 0.171091 0.369867 0.784717
5 0.0884434 0.495508 0.176887 0.991016 0.692414
5 0.216926 0.499125 0.188645 0.998249 0.824371
4 0.218353 0.184933 0.171091 0.369867 0.784717
5 0.0884434 0.495508 0.176887 0.991016 0.692414
