5 0.373912 0.519192 0.17362 0.757796 0.739731
5 0.168032 0.231817 0.331541 0.460289 0.67326
4 0.430749 0.352899 0.0642958 0.173591 0.649265
5 0.373912 0.519192 0.17362 0.757796 0.739731
5 0.168032 0.231817 0.331541 0.460289 0.67326
4 0.430749 0.352899 0.0642958 0.173591 0.649265
5 0.373912 0.519192 0.17362 0.757796 0.739731
5 0.168032 0.231817 0.331541 0.460289 0.67326
4 0.430749 0.352899 0.0642958 0.173591 0.649265
5 0.373912 0.519192 0.17362 0.757796 0.739731
5 0.168032 0.231817 0.331541 0.460289 0.67326
4 0.430749 0.352899 0.0642958 0.173591 0.649265
