4 0.200272 0.174424 0.153199 0.348848 0.872568
4 0.316903 0.336982 0.0982276 0.318123 0.862912
0 0.312675 0.112 0.0762414 0.091067 0.81792
5 0.311892 0.466905 0.146836 0.846771 0.804791
5 0.208369 0.497457 0.161824 0.994915 0.766324
4 0.200272 0.174424 0.153199 0.348848 0.872568
4 0.316903 0.336982 0.0982276 0.318123 0.862912
0 0.312675 0.112 0.0762414 0.091067 0.81792
5 0.311892 0.466905 0.146836 0.846771 0.804791
5 0.208369 0.497457 0.161824 0.994915 0.766324
4 0.200272 0.174424 0.153199 0.348848 0.872568
4 0.316903 0.336982 0.0982276 0.318123 0.862912
0 0.312675 0.112 0.0762414 0.091067 0.81792
5 0.311892 0.466905 0.146836 0.846771 0.804791
5 0.208369 0.497457 0.161824 0.994915 0.766324
4 0.200272 0.174424 0.153199 0.348848 0.872568
4 0.316903 0.336982 0.0982276 0.318123 0.862912
0 0.312675 0.112 0.0762414 0.091067 0.81792
5 0.311892 0.466905 0.146836 0.846771 0.804791
5 0.208369 0.497457 0.161824 0.994915 0.766324
