5 0.255484 0.499783 0.342888 0.999565 0.917024
4 0.26157 0.16773 0.197203 0.33546 0.77429
4 0.143491 0.34115 0.0535475 0.281924 0.670747
5 0.255484 0.499783 0.342888 0.999565 0.917024
4 0.26157 0.16773 0.197203 0.33546 0.77429
4 0.143491 0.34115 0.0535475 0.281924 0.670747
5 0.255484 0.499783 0.342888 0.999565 0.917024
4 0.26157 0.16773 0.197203 0.33546 0.77429
4 0.143491 0.34115 0.0535475 0.281924 0.670747
5 0.255484 0.499783 0.342888 0.999565 0.917024
4 0.26157 0.16773 0.197203 0.33546 0.77429
4 0.143491 0.34115 0.0535475 0.281924 0.670747
