5 0.377629 0.508884 0.175204 0.835936 0.831507
4 0.430573 0.338354 0.0662819 0.189658 0.811363
4 0.350522 0.399915 0.0553276 0.127247 0.688388
5 0.377629 0.508884 0.175204 0.835936 0.831507
4 0.430573 0.338354 0.0662819 0.189658 0.811363
4 0.350522 0.399915 0.0553276 0.127247 0.688388
5 0.377629 0.508884 0.175204 0.835936 0.831507
4 0.430573 0.338354 0.0662819 0.189658 0.811363
4 0.350522 0.399915 0.0553276 0.127247 0.688388
5 0.377629 0.508884 0.175204 0.835936 0.831507
4 0.430573 0.338354 0.0662819 0.189658 0.811363
4 0.350522 0.399915 0.0553276 0.127247 0.688388
