5 0.378788 0.460543 0.172196 0.822748 0.851248
4 0.431527 0.331884 0.0635826 0.196513 0.800023
4 0.350568 0.400077 0.054725 0.127072 0.725629
5 0.378788 0.460543 0.172196 0.822748 0.851248
4 0.431527 0.331884 0.0635826 0.196513 0.800023
4 0.350568 0.400077 0.054725 0.127072 0.725629
5 0.378788 0.460543 0.172196 0.822748 0.851248
4 0.431527 0.331884 0.0635826 0.196513 0.800023
4 0.350568 0.400077 0.054725 0.127072 0.725629
5 0.378788 0.460543 0.172196 0.822748 0.851248
4 0.431527 0.331884 0.0635826 0.196513 0.800023
4 0.350568 0.400077 0.054725 0.127072 0.725629
