5 0.596885 0.512211 0.268305 0.93123 0.882558
4 0.618682 0.261295 0.0892265 0.306196 0.701269
0 0.345521 0.252052 0.0909559 0.180685 0.628471
5 0.596885 0.512211 0.268305 0.93123 0.882558
4 0.618682 0.261295 0.0892265 0.306196 0.701269
0 0.345521 0.252052 0.0909559 0.180685 0.628471
5 0.596885 0.512211 0.268305 0.93123 0.882558
4 0.618682 0.261295 0.0892265 0.306196 0.701269
0 0.345521 0.252052 0.0909559 0.180685 0.628471
5 0.596885 0.512211 0.268305 0.93123 0.882558
4 0.618682 0.261295 0.0892265 0.306196 0.701269
0 0.345521 0.252052 0.0909559 0.180685 0.628471
