5 0.616536 0.466353 0.265074 0.928649 0.855412
4 0.422195 0.35586 0.0722397 0.264745 0.845093
5 0.371997 0.557359 0.162795 0.827976 0.824894
2 0.62583 0.101009 0.110667 0.19461 0.756463
0 0.358207 0.292952 0.0844573 0.167441 0.672678
5 0.616536 0.466353 0.265074 0.928649 0.855412
4 0.422195 0.35586 0.0722397 0.264745 0.845093
5 0.371997 0.557359 0.162795 0.827976 0.824894
2 0.62583 0.101009 0.110667 0.19461 0.756463
0 0.358207 0.292952 0.0844573 0.167441 0.672678
5 0.616536 0.466353 0.265074 0.928649 0.855412
4 0.422195 0.35586 0.0722397 0.264745 0.845093
5 0.371997 0.557359 0.162795 0.827976 0.824894
2 0.62583 0.101009 0.110667 0.19461 0.756463
0 0.358207 0.292952 0.0844573 0.167441 0.672678
5 0.616536 0.466353 0.265074 0.928649 0.855412
4 0.422195 0.35586 0.0722397 0.264745 0.845093
5 0.371997 0.557359 0.162795 0.827976 0.824894
2 0.62583 0.101009 0.110667 0.19461 0.756463
0 0.358207 0.292952 0.0844573 0.167441 0.672678
