5 0.287544 0.462828 0.217432 0.789111 0.887235
4 0.261197 0.34201 0.113291 0.2833 0.819489
5 0.59325 0.49983 0.203914 0.999421 0.808947
5 0.49381 0.498941 0.393684 0.997882 0.786566
0 0.342177 0.141867 0.0776332 0.104939 0.757815
4 0.427971 0.125252 0.058795 0.250503 0.669205
7 0.584549 0.19068 0.186564 0.381361 0.655606
8 0.0487373 0.611021 0.0973781 0.382931 0.618055
5 0.287544 0.462828 0.217432 0.789111 0.887235
4 0.261197 0.34201 0.113291 0.2833 0.819489
5 0.59325 0.49983 0.203914 0.999421 0.808947
5 0.49381 0.498941 0.393684 0.997882 0.786566
0 0.342177 0.141867 0.0776332 0.104939 0.757815
4 0.427971 0.125252 0.058795 0.250503 0.669205
7 0.584549 0.19068 0.186564 0.381361 0.655606
8 0.0487373 0.611021 0.0973781 0.382931 0.618055
5 0.287544 0.462828 0.217432 0.789111 0.887235
4 0.261197 0.34201 0.113291 0.2833 0.819489
5 0.59325 0.49983 0.203914 0.999421 0.808947
5 0.49381 0.498941 0.393684 0.997882 0.786566
0 0.342177 0.141867 0.0776332 0.104939 0.757815
4 0.427971 0.125252 0.058795 0.250503 0.669205
7 0.584549 0.19068 0.186564 0.381361 0.655606
8 0.0487373 0.611021 0.0973781 0.382931 0.618055
5 0.287544 0.462828 0.217432 0.789111 0.887235
4 0.261197 0.34201 0.113291 0.2833 0.819489
5 0.59325 0.49983 0.203914 0.999421 0.808947
5 0.49381 0.498941 0.393684 0.997882 0.786566
0 0.342177 0.141867 0.0776332 0.104939 0.757815
4 0.427971 0.125252 0.058795 0.250503 0.669205
7 0.584549 0.19068 0.186564 0.381361 0.655606
8 0.0487373 0.611021 0.0973781 0.382931 0.618055
