5 0.846578 0.503317 0.306844 0.989782 0.869837
5 0.187801 0.424455 0.359398 0.848911 0.819377
5 0.184874 0.252801 0.362164 0.505602 0.75728
5 0.841166 0.216038 0.310789 0.432076 0.688267
5 0.846578 0.503317 0.306844 0.989782 0.869837
5 0.187801 0.424455 0.359398 0.848911 0.819377
5 0.184874 0.252801 0.362164 0.505602 0.75728
5 0.841166 0.216038 0.310789 0.432076 0.688267
5 0.846578 0.503317 0.306844 0.989782 0.869837
5 0.187801 0.424455 0.359398 0.848911 0.819377
5 0.184874 0.252801 0.362164 0.505602 0.75728
5 0.841166 0.216038 0.310789 0.432076 0.688267
5 0.846578 0.503317 0.306844 0.989782 0.869837
5 0.187801 0.424455 0.359398 0.848911 0.819377
5 0.184874 0.252801 0.362164 0.505602 0.75728
5 0.841166 0.216038 0.310789 0.432076 0.688267
