4 0.324077 0.325847 0.1064 0.313581 0.873523
5 0.316385 0.465108 0.156509 0.841383 0.860471
4 0.197927 0.174649 0.159439 0.349298 0.857806
0 0.323103 0.101268 0.0775269 0.0914056 0.809143
5 0.200684 0.497156 0.17216 0.993871 0.780844
5 0.144454 0.497305 0.288909 0.992813 0.768704
4 0.324077 0.325847 0.1064 0.313581 0.873523
5 0.316385 0.465108 0.156509 0.841383 0.860471
4 0.197927 0.174649 0.159439 0.349298 0.857806
0 0.323103 0.101268 0.0775269 0.0914056 0.809143
5 0.200684 0.497156 0.17216 0.993871 0.780844
5 0.144454 0.497305 0.288909 0.992813 0.768704
4 0.324077 0.325847 0.1064 0.313581 0.873523
5 0.316385 0.465108 0.156509 0.841383 0.860471
4 0.197927 0.174649 0.159439 0.349298 0.857806
0 0.323103 0.101268 0.0775269 0.0914056 0.809143
5 0.200684 0.497156 0.17216 0.993871 0.780844
5 0.144454 0.497305 0.288909 0.992813 0.768704
4 0.324077 0.325847 0.1064 0.313581 0.873523
5 0.316385 0.465108 0.156509 0.841383 0.860471
4 0.197927 0.174649 0.159439 0.349298 0.857806
0 0.323103 0.101268 0.0775269 0.0914056 0.809143
5 0.200684 0.497156 0.17216 0.993871 0.780844
5 0.144454 0.497305 0.288909 0.992813 0.768704
