5 0.883956 0.49979 0.232089 0.99958 0.892269
5 0.377114 0.498198 0.441949 0.996396 0.83448
2 0.598013 0.126048 0.0908735 0.123693 0.818945
4 0.949319 0.263691 0.101145 0.350964 0.810742
5 0.482159 0.5 0.668376 1 0.680994
0 0.938161 0.0286172 0.0971546 0.0562053 0.679134
5 0.883956 0.49979 0.232089 0.99958 0.892269
5 0.377114 0.498198 0.441949 0.996396 0.83448
2 0.598013 0.126048 0.0908735 0.123693 0.818945
4 0.949319 0.263691 0.101145 0.350964 0.810742
5 0.482159 0.5 0.668376 1 0.680994
0 0.938161 0.0286172 0.0971546 0.0562053 0.679134
5 0.883956 0.49979 0.232089 0.99958 0.892269
5 0.377114 0.498198 0.441949 0.996396 0.83448
2 0.598013 0.126048 0.0908735 0.123693 0.818945
4 0.949319 0.263691 0.101145 0.350964 0.810742
5 0.482159 0.5 0.668376 1 0.680994
0 0.938161 0.0286172 0.0971546 0.0562053 0.679134
5 0.883956 0.49979 0.232089 0.99958 0.892269
5 0.377114 0.498198 0.441949 0.996396 0.83448
2 0.598013 0.126048 0.0908735 0.123693 0.818945
4 0.949319 0.263691 0.101145 0.350964 0.810742
5 0.482159 0.5 0.668376 1 0.680994
0 0.938161 0.0286172 0.0971546 0.0562053 0.679134
