5 0.58386 0.497652 0.265405 0.99376 0.892404
5 0.360179 0.438055 0.19967 0.653413 0.866942
3 0.395211 0.279542 0.0426345 0.0609282 0.699671
2 0.395746 0.181517 0.0894805 0.125253 0.647751
5 0.58386 0.497652 0.265405 0.99376 0.892404
5 0.360179 0.438055 0.19967 0.653413 0.866942
3 0.395211 0.279542 0.0426345 0.0609282 0.699671
2 0.395746 0.181517 0.0894805 0.125253 0.647751
5 0.58386 0.497652 0.265405 0.99376 0.892404
5 0.360179 0.438055 0.19967 0.653413 0.866942
3 0.395211 0.279542 0.0426345 0.0609282 0.699671
2 0.395746 0.181517 0.0894805 0.125253 0.647751
5 0.58386 0.497652 0.265405 0.99376 0.892404
5 0.360179 0.438055 0.19967 0.653413 0.866942
3 0.395211 0.279542 0.0426345 0.0609282 0.699671
2 0.395746 0.181517 0.0894805 0.125253 0.647751
