5 0.182255 0.476859 0.356225 0.953718 0.838597
5 0.864765 0.503392 0.27047 0.991917 0.785677
5 0.942889 0.699235 0.114221 0.597934 0.753611
5 0.847457 0.219842 0.300338 0.437762 0.685855
5 0.182255 0.476859 0.356225 0.953718 0.838597
5 0.864765 0.503392 0.27047 0.991917 0.785677
5 0.942889 0.699235 0.114221 0.597934 0.753611
5 0.847457 0.219842 0.300338 0.437762 0.685855
5 0.182255 0.476859 0.356225 0.953718 0.838597
5 0.864765 0.503392 0.27047 0.991917 0.785677
5 0.942889 0.699235 0.114221 0.597934 0.753611
5 0.847457 0.219842 0.300338 0.437762 0.685855
5 0.182255 0.476859 0.356225 0.953718 0.838597
5 0.864765 0.503392 0.27047 0.991917 0.785677
5 0.942889 0.699235 0.114221 0.597934 0.753611
5 0.847457 0.219842 0.300338 0.437762 0.685855
