5 0.557668 0.49977 0.286485 0.996962 0.88134
4 0.431926 0.384777 0.0710896 0.194779 0.722599
5 0.418724 0.267082 0.120778 0.506232 0.721602
4 0.587709 0.175186 0.168207 0.350372 0.633854
5 0.557668 0.49977 0.286485 0.996962 0.88134
4 0.431926 0.384777 0.0710896 0.194779 0.722599
5 0.418724 0.267082 0.120778 0.506232 0.721602
4 0.587709 0.175186 0.168207 0.350372 0.633854
5 0.557668 0.49977 0.286485 0.996962 0.88134
4 0.431926 0.384777 0.0710896 0.194779 0.722599
5 0.418724 0.267082 0.120778 0.506232 0.721602
4 0.587709 0.175186 0.168207 0.350372 0.633854
5 0.557668 0.49977 0.286485 0.996962 0.88134
4 0.431926 0.384777 0.0710896 0.194779 0.722599
5 0.418724 0.267082 0.120778 0.506232 0.721602
4 0.587709 0.175186 0.168207 0.350372 0.633854
