4 0.601521 0.18426 0.220145 0.36852 0.846362
5 0.598178 0.500487 0.330372 0.998368 0.828846
0 0.363417 0.184514 0.0869232 0.108619 0.803664
5 0.312223 0.314012 0.378957 0.397533 0.723316
4 0.601521 0.18426 0.220145 0.36852 0.846362
5 0.598178 0.500487 0.330372 0.998368 0.828846
0 0.363417 0.184514 0.0869232 0.108619 0.803664
5 0.312223 0.314012 0.378957 0.397533 0.723316
4 0.601521 0.18426 0.220145 0.36852 0.846362
5 0.598178 0.500487 0.330372 0.998368 0.828846
0 0.363417 0.184514 0.0869232 0.108619 0.803664
5 0.312223 0.314012 0.378957 0.397533 0.723316
4 0.601521 0.18426 0.220145 0.36852 0.846362
5 0.598178 0.500487 0.330372 0.998368 0.828846
0 0.363417 0.184514 0.0869232 0.108619 0.803664
5 0.312223 0.314012 0.378957 0.397533 0.723316
