5 0.394234 0.499866 0.318098 0.999731 0.904855
4 0.420735 0.189476 0.192894 0.378953 0.885771
4 0.198369 0.365741 0.147059 0.249596 0.88117
5 0.220839 0.448012 0.227999 0.784751 0.876927
3 0.285457 0.284448 0.0289624 0.0577865 0.70366
5 0.394234 0.499866 0.318098 0.999731 0.904855
4 0.420735 0.189476 0.192894 0.378953 0.885771
4 0.198369 0.365741 0.147059 0.249596 0.88117
5 0.220839 0.448012 0.227999 0.784751 0.876927
3 0.285457 0.284448 0.0289624 0.0577865 0.70366
5 0.394234 0.499866 0.318098 0.999731 0.904855
4 0.420735 0.189476 0.192894 0.378953 0.885771
4 0.198369 0.365741 0.147059 0.249596 0.88117
5 0.220839 0.448012 0.227999 0.784751 0.876927
3 0.285457 0.284448 0.0289624 0.0577865 0.70366
5 0.394234 0.499866 0.318098 0.999731 0.904855
4 0.420735 0.189476 0.192894 0.378953 0.885771
4 0.198369 0.365741 0.147059 0.249596 0.88117
5 0.220839 0.448012 0.227999 0.784751 0.876927
3 0.285457 0.284448 0.0289624 0.0577865 0.70366
