5 0.866541 0.69141 0.252262 0.61718 0.789894
5 0.325487 0.479417 0.405576 0.958834 0.687773
4 0.641826 0.142785 0.0917906 0.28557 0.681355
5 0.866541 0.69141 0.252262 0.61718 0.789894
5 0.325487 0.479417 0.405576 0.958834 0.687773
4 0.641826 0.142785 0.0917906 0.28557 0.681355
5 0.866541 0.69141 0.252262 0.61718 0.789894
5 0.325487 0.479417 0.405576 0.958834 0.687773
4 0.641826 0.142785 0.0917906 0.28557 0.681355
5 0.866541 0.69141 0.252262 0.61718 0.789894
5 0.325487 0.479417 0.405576 0.958834 0.687773
4 0.641826 0.142785 0.0917906 0.28557 0.681355
