4 0.21962 0.358501 0.130824 0.244962 0.904067
5 0.240872 0.49385 0.293459 0.71297 0.900601
5 0.507359 0.499172 0.253936 0.998343 0.853211
5 0.420449 0.499113 0.432022 0.998225 0.736667
4 0.21962 0.358501 0.130824 0.244962 0.904067
5 0.240872 0.49385 0.293459 0.71297 0.900601
5 0.507359 0.499172 0.253936 0.998343 0.853211
5 0.420449 0.499113 0.432022 0.998225 0.736667
4 0.21962 0.358501 0.130824 0.244962 0.904067
5 0.240872 0.49385 0.293459 0.71297 0.900601
5 0.507359 0.499172 0.253936 0.998343 0.853211
5 0.420449 0.499113 0.432022 0.998225 0.736667
4 0.21962 0.358501 0.130824 0.244962 0.904067
5 0.240872 0.49385 0.293459 0.71297 0.900601
5 0.507359 0.499172 0.253936 0.998343 0.853211
5 0.420449 0.499113 0.432022 0.998225 0.736667
