4 0.614197 0.194824 0.165338 0.389648 0.886914
4 0.358983 0.350852 0.0972049 0.284988 0.876981
5 0.588346 0.499992 0.223549 0.999177 0.864105
5 0.363023 0.461593 0.198311 0.769152 0.843142
0 0.419005 0.140386 0.0767003 0.101558 0.742761
3 0.410981 0.222516 0.0298272 0.0590051 0.608582
4 0.614197 0.194824 0.165338 0.389648 0.886914
4 0.358983 0.350852 0.0972049 0.284988 0.876981
5 0.588346 0.499992 0.223549 0.999177 0.864105
5 0.363023 0.461593 0.198311 0.769152 0.843142
0 0.419005 0.140386 0.0767003 0.101558 0.742761
3 0.410981 0.222516 0.0298272 0.0590051 0.608582
4 0.614197 0.194824 0.165338 0.389648 0.886914
4 0.358983 0.350852 0.0972049 0.284988 0.876981
5 0.588346 0.499992 0.223549 0.999177 0.864105
5 0.363023 0.461593 0.198311 0.769152 0.843142
0 0.419005 0.140386 0.0767003 0.101558 0.742761
3 0.410981 0.222516 0.0298272 0.0590051 0.608582
4 0.614197 0.194824 0.165338 0.389648 0.886914
4 0.358983 0.350852 0.0972049 0.284988 0.876981
5 0.588346 0.499992 0.223549 0.999177 0.864105
5 0.363023 0.461593 0.198311 0.769152 0.843142
0 0.419005 0.140386 0.0767003 0.101558 0.742761
3 0.410981 0.222516 0.0298272 0.0590051 0.608582
