5 0.247626 0.499487 0.421649 0.998975 0.794455
4 0.269118 0.181327 0.162873 0.362653 0.789092
5 0.22502 0.341935 0.326156 0.682172 0.756458
4 0.436566 0.398742 0.0532322 0.248997 0.634058
5 0.247626 0.499487 0.421649 0.998975 0.794455
4 0.269118 0.181327 0.162873 0.362653 0.789092
5 0.22502 0.341935 0.326156 0.682172 0.756458
4 0.436566 0.398742 0.0532322 0.248997 0.634058
5 0.247626 0.499487 0.421649 0.998975 0.794455
4 0.269118 0.181327 0.162873 0.362653 0.789092
5 0.22502 0.341935 0.326156 0.682172 0.756458
4 0.436566 0.398742 0.0532322 0.248997 0.634058
5 0.247626 0.499487 0.421649 0.998975 0.794455
4 0.269118 0.181327 0.162873 0.362653 0.789092
5 0.22502 0.341935 0.326156 0.682172 0.756458
4 0.436566 0.398742 0.0532322 0.248997 0.634058
