5 0.781663 0.499469 0.317439 0.998937 0.925511
4 0.742335 0.160311 0.239236 0.320621 0.824529
5 0.373869 0.741169 0.279336 0.510631 0.647224
5 0.781663 0.499469 0.317439 0.998937 0.925511
4 0.742335 0.160311 0.239236 0.320621 0.824529
5 0.373869 0.741169 0.279336 0.510631 0.647224
5 0.781663 0.499469 0.317439 0.998937 0.925511
4 0.742335 0.160311 0.239236 0.320621 0.824529
5 0.373869 0.741169 0.279336 0.510631 0.647224
5 0.781663 0.499469 0.317439 0.998937 0.925511
4 0.742335 0.160311 0.239236 0.320621 0.824529
5 0.373869 0.741169 0.279336 0.510631 0.647224
