4 0.612504 0.190149 0.251029 0.380298 0.863379
0 0.369594 0.166037 0.0930536 0.105023 0.823218
5 0.612867 0.500557 0.345424 0.998886 0.815177
4 0.612504 0.190149 0.251029 0.380298 0.863379
0 0.369594 0.166037 0.0930536 0.105023 0.823218
5 0.612867 0.500557 0.345424 0.998886 0.815177
4 0.612504 0.190149 0.251029 0.380298 0.863379
0 0.369594 0.166037 0.0930536 0.105023 0.823218
5 0.612867 0.500557 0.345424 0.998886 0.815177
4 0.612504 0.190149 0.251029 0.380298 0.863379
0 0.369594 0.166037 0.0930536 0.105023 0.823218
5 0.612867 0.500557 0.345424 0.998886 0.815177
