5 0.303747 0.46773 0.394056 0.935461 0.830219
4 0.286142 0.338363 0.102972 0.246432 0.798449
5 0.86866 0.689293 0.256665 0.621414 0.620476
5 0.303747 0.46773 0.394056 0.935461 0.830219
4 0.286142 0.338363 0.102972 0.246432 0.798449
5 0.86866 0.689293 0.256665 0.621414 0.620476
5 0.303747 0.46773 0.394056 0.935461 0.830219
4 0.286142 0.338363 0.102972 0.246432 0.798449
5 0.86866 0.689293 0.256665 0.621414 0.620476
5 0.303747 0.46773 0.394056 0.935461 0.830219
4 0.286142 0.338363 0.102972 0.246432 0.798449
5 0.86866 0.689293 0.256665 0.621414 0.620476
