5 0.557974 0.49552 0.199978 0.989184 0.803179
4 0.228108 0.213841 0.180834 0.4236 0.771234
5 0.163292 0.233444 0.326562 0.464487 0.69898
5 0.557974 0.49552 0.199978 0.989184 0.803179
4 0.228108 0.213841 0.180834 0.4236 0.771234
5 0.163292 0.233444 0.326562 0.464487 0.69898
5 0.557974 0.49552 0.199978 0.989184 0.803179
4 0.228108 0.213841 0.180834 0.4236 0.771234
5 0.163292 0.233444 0.326562 0.464487 0.69898
5 0.557974 0.49552 0.199978 0.989184 0.803179
4 0.228108 0.213841 0.180834 0.4236 0.771234
5 0.163292 0.233444 0.326562 0.464487 0.69898
