5 0.878711 0.5 0.242206 1 0.903126
4 0.941604 0.215112 0.116791 0.391577 0.861129
5 0.42231 0.498786 0.535264 0.997572 0.782472
2 0.592742 0.124044 0.0903887 0.112886 0.715288
5 0.878711 0.5 0.242206 1 0.903126
4 0.941604 0.215112 0.116791 0.391577 0.861129
5 0.42231 0.498786 0.535264 0.997572 0.782472
2 0.592742 0.124044 0.0903887 0.112886 0.715288
5 0.878711 0.5 0.242206 1 0.903126
4 0.941604 0.215112 0.116791 0.391577 0.861129
5 0.42231 0.498786 0.535264 0.997572 0.782472
2 0.592742 0.124044 0.0903887 0.112886 0.715288
5 0.878711 0.5 0.242206 1 0.903126
4 0.941604 0.215112 0.116791 0.391577 0.861129
5 0.42231 0.498786 0.535264 0.997572 0.782472
2 0.592742 0.124044 0.0903887 0.112886 0.715288
