5 0.563314 0.496706 0.241531 0.993412 0.922733
5 0.408017 0.328842 0.153479 0.407811 0.841273
3 0.441533 0.285884 0.0409903 0.0638158 0.75736
0 0.436466 0.184321 0.0648372 0.108229 0.708159
4 0.424701 0.394651 0.0924206 0.267835 0.695668
2 0.436811 0.185651 0.0661715 0.107917 0.663884
5 0.563314 0.496706 0.241531 0.993412 0.922733
5 0.408017 0.328842 0.153479 0.407811 0.841273
3 0.441533 0.285884 0.0409903 0.0638158 0.75736
0 0.436466 0.184321 0.0648372 0.108229 0.708159
4 0.424701 0.394651 0.0924206 0.267835 0.695668
2 0.436811 0.185651 0.0661715 0.107917 0.663884
5 0.563314 0.496706 0.241531 0.993412 0.922733
5 0.408017 0.328842 0.153479 0.407811 0.841273
3 0.441533 0.285884 0.0409903 0.0638158 0.75736
0 0.436466 0.184321 0.0648372 0.108229 0.708159
4 0.424701 0.394651 0.0924206 0.267835 0.695668
2 0.436811 0.185651 0.0661715 0.107917 0.663884
5 0.563314 0.496706 0.241531 0.993412 0.922733
5 0.408017 0.328842 0.153479 0.407811 0.841273
3 0.441533 0.285884 0.0409903 0.0638158 0.75736
0 0.436466 0.184321 0.0648372 0.108229 0.708159
4 0.424701 0.394651 0.0924206 0.267835 0.695668
2 0.436811 0.185651 0.0661715 0.107917 0.663884
