5 0.865397 0.690338 0.261667 0.619323 0.759499
5 0.269718 0.47048 0.313431 0.940945 0.742827
5 0.352451 0.48087 0.448876 0.96174 0.691878
5 0.865397 0.690338 0.261667 0.619323 0.759499
5 0.269718 0.47048 0.313431 0.940945 0.742827
5 0.352451 0.48087 0.448876 0.96174 0.691878
5 0.865397 0.690338 0.261667 0.619323 0.759499
5 0.269718 0.47048 0.313431 0.940945 0.742827
5 0.352451 0.48087 0.448876 0.96174 0.691878
5 0.865397 0.690338 0.261667 0.619323 0.759499
5 0.269718 0.47048 0.313431 0.940945 0.742827
5 0.352451 0.48087 0.448876 0.96174 0.691878
