5 0.565672 0.498955 0.244744 0.99791 0.917293
5 0.409936 0.32573 0.157529 0.405164 0.850195
3 0.444074 0.289099 0.0381819 0.0552967 0.729494
2 0.438284 0.187013 0.060897 0.109306 0.673036
5 0.565672 0.498955 0.244744 0.99791 0.917293
5 0.409936 0.32573 0.157529 0.405164 0.850195
3 0.444074 0.289099 0.0381819 0.0552967 0.729494
2 0.438284 0.187013 0.060897 0.109306 0.673036
5 0.565672 0.498955 0.244744 0.99791 0.917293
5 0.409936 0.32573 0.157529 0.405164 0.850195
3 0.444074 0.289099 0.0381819 0.0552967 0.729494
2 0.438284 0.187013 0.060897 0.109306 0.673036
5 0.565672 0.498955 0.244744 0.99791 0.917293
5 0.409936 0.32573 0.157529 0.405164 0.850195
3 0.444074 0.289099 0.0381819 0.0552967 0.729494
2 0.438284 0.187013 0.060897 0.109306 0.673036
