5 0.393115 0.500739 0.302454 0.99845 0.881986
5 0.0917302 0.26349 0.180695 0.522796 0.836178
4 0.417217 0.183274 0.191873 0.366004 0.688118
0 0.123076 0.0295733 0.0709267 0.0581108 0.665831
5 0.393115 0.500739 0.302454 0.99845 0.881986
5 0.0917302 0.26349 0.180695 0.522796 0.836178
4 0.417217 0.183274 0.191873 0.366004 0.688118
0 0.123076 0.0295733 0.0709267 0.0581108 0.665831
5 0.393115 0.500739 0.302454 0.99845 0.881986
5 0.0917302 0.26349 0.180695 0.522796 0.836178
4 0.417217 0.183274 0.191873 0.366004 0.688118
0 0.123076 0.0295733 0.0709267 0.0581108 0.665831
5 0.393115 0.500739 0.302454 0.99845 0.881986
5 0.0917302 0.26349 0.180695 0.522796 0.836178
4 0.417217 0.183274 0.191873 0.366004 0.688118
0 0.123076 0.0295733 0.0709267 0.0581108 0.665831
