5 0.570928 0.499008 0.260801 0.998017 0.918015
5 0.380121 0.307051 0.156459 0.425999 0.87019
4 0.601085 0.175048 0.159526 0.350097 0.845795
3 0.400342 0.254753 0.0388675 0.0583815 0.684843
0 0.398031 0.15379 0.0819046 0.110758 0.682604
4 0.388366 0.336149 0.0952734 0.196625 0.659553
5 0.570928 0.499008 0.260801 0.998017 0.918015
5 0.380121 0.307051 0.156459 0.425999 0.87019
4 0.601085 0.175048 0.159526 0.350097 0.845795
3 0.400342 0.254753 0.0388675 0.0583815 0.684843
0 0.398031 0.15379 0.0819046 0.110758 0.682604
4 0.388366 0.336149 0.0952734 0.196625 0.659553
5 0.570928 0.499008 0.260801 0.998017 0.918015
5 0.380121 0.307051 0.156459 0.425999 0.87019
4 0.601085 0.175048 0.159526 0.350097 0.845795
3 0.400342 0.254753 0.0388675 0.0583815 0.684843
0 0.398031 0.15379 0.0819046 0.110758 0.682604
4 0.388366 0.336149 0.0952734 0.196625 0.659553
5 0.570928 0.499008 0.260801 0.998017 0.918015
5 0.380121 0.307051 0.156459 0.425999 0.87019
4 0.601085 0.175048 0.159526 0.350097 0.845795
3 0.400342 0.254753 0.0388675 0.0583815 0.684843
0 0.398031 0.15379 0.0819046 0.110758 0.682604
4 0.388366 0.336149 0.0952734 0.196625 0.659553
