5 0.609328 0.466822 0.287621 0.931862 0.828515
5 0.383062 0.565449 0.145643 0.778405 0.824841
4 0.419082 0.351103 0.0742487 0.274128 0.761094
4 0.665005 0.27171 0.0895052 0.250285 0.726853
4 0.569142 0.177598 0.0955458 0.355195 0.63255
5 0.609328 0.466822 0.287621 0.931862 0.828515
5 0.383062 0.565449 0.145643 0.778405 0.824841
4 0.419082 0.351103 0.0742487 0.274128 0.761094
4 0.665005 0.27171 0.0895052 0.250285 0.726853
4 0.569142 0.177598 0.0955458 0.355195 0.63255
5 0.609328 0.466822 0.287621 0.931862 0.828515
5 0.383062 0.565449 0.145643 0.778405 0.824841
4 0.419082 0.351103 0.0742487 0.274128 0.761094
4 0.665005 0.27171 0.0895052 0.250285 0.726853
4 0.569142 0.177598 0.0955458 0.355195 0.63255
5 0.609328 0.466822 0.287621 0.931862 0.828515
5 0.383062 0.565449 0.145643 0.778405 0.824841
4 0.419082 0.351103 0.0742487 0.274128 0.761094
4 0.665005 0.27171 0.0895052 0.250285 0.726853
4 0.569142 0.177598 0.0955458 0.355195 0.63255
