4 0.532535 0.192834 0.204465 0.385668 0.85815
5 0.540136 0.49916 0.239735 0.99832 0.814813
4 0.387716 0.414649 0.0769097 0.255641 0.788816
5 0.314513 0.499596 0.225254 0.996303 0.623542
4 0.532535 0.192834 0.204465 0.385668 0.85815
5 0.540136 0.49916 0.239735 0.99832 0.814813
4 0.387716 0.414649 0.0769097 0.255641 0.788816
5 0.314513 0.499596 0.225254 0.996303 0.623542
4 0.532535 0.192834 0.204465 0.385668 0.85815
5 0.540136 0.49916 0.239735 0.99832 0.814813
4 0.387716 0.414649 0.0769097 0.255641 0.788816
5 0.314513 0.499596 0.225254 0.996303 0.623542
4 0.532535 0.192834 0.204465 0.385668 0.85815
5 0.540136 0.49916 0.239735 0.99832 0.814813
4 0.387716 0.414649 0.0769097 0.255641 0.788816
5 0.314513 0.499596 0.225254 0.996303 0.623542
