4 0.385285 0.319844 0.0971961 0.312545 0.892534
5 0.349921 0.463685 0.181512 0.862525 0.890299
5 0.143734 0.500196 0.287468 0.998578 0.870696
0 0.364581 0.0901419 0.0792906 0.0910014 0.853526
4 0.154895 0.170785 0.120449 0.341569 0.688543
4 0.385285 0.319844 0.0971961 0.312545 0.892534
5 0.349921 0.463685 0.181512 0.862525 0.890299
5 0.143734 0.500196 0.287468 0.998578 0.870696
0 0.364581 0.0901419 0.0792906 0.0910014 0.853526
4 0.154895 0.170785 0.120449 0.341569 0.688543
4 0.385285 0.319844 0.0971961 0.312545 0.892534
5 0.349921 0.463685 0.181512 0.862525 0.890299
5 0.143734 0.500196 0.287468 0.998578 0.870696
0 0.364581 0.0901419 0.0792906 0.0910014 0.853526
4 0.154895 0.170785 0.120449 0.341569 0.688543
4 0.385285 0.319844 0.0971961 0.312545 0.892534
5 0.349921 0.463685 0.181512 0.862525 0.890299
5 0.143734 0.500196 0.287468 0.998578 0.870696
0 0.364581 0.0901419 0.0792906 0.0910014 0.853526
4 0.154895 0.170785 0.120449 0.341569 0.688543
