5 0.562452 0.497566 0.259809 0.993886 0.891319
5 0.414766 0.325695 0.126746 0.386262 0.833402
4 0.592342 0.17718 0.164993 0.354359 0.80703
3 0.451795 0.299676 0.0330677 0.0701558 0.756986
5 0.562452 0.497566 0.259809 0.993886 0.891319
5 0.414766 0.325695 0.126746 0.386262 0.833402
4 0.592342 0.17718 0.164993 0.354359 0.80703
3 0.451795 0.299676 0.0330677 0.0701558 0.756986
5 0.562452 0.497566 0.259809 0.993886 0.891319
5 0.414766 0.325695 0.126746 0.386262 0.833402
4 0.592342 0.17718 0.164993 0.354359 0.80703
3 0.451795 0.299676 0.0330677 0.0701558 0.756986
5 0.562452 0.497566 0.259809 0.993886 0.891319
5 0.414766 0.325695 0.126746 0.386262 0.833402
4 0.592342 0.17718 0.164993 0.354359 0.80703
3 0.451795 0.299676 0.0330677 0.0701558 0.756986
