5 0.177008 0.232859 0.281987 0.464214 0.820534
5 0.378235 0.459536 0.167672 0.919071 0.764475
5 0.175907 0.349014 0.287263 0.696516 0.710659
3 0.448761 0.310119 0.026269 0.0644096 0.624707
5 0.245968 0.501096 0.442111 0.997808 0.618537
5 0.177008 0.232859 0.281987 0.464214 0.820534
5 0.378235 0.459536 0.167672 0.919071 0.764475
5 0.175907 0.349014 0.287263 0.696516 0.710659
3 0.448761 0.310119 0.026269 0.0644096 0.624707
5 0.245968 0.501096 0.442111 0.997808 0.618537
5 0.177008 0.232859 0.281987 0.464214 0.820534
5 0.378235 0.459536 0.167672 0.919071 0.764475
5 0.175907 0.349014 0.287263 0.696516 0.710659
3 0.448761 0.310119 0.026269 0.0644096 0.624707
5 0.245968 0.501096 0.442111 0.997808 0.618537
5 0.177008 0.232859 0.281987 0.464214 0.820534
5 0.378235 0.459536 0.167672 0.919071 0.764475
5 0.175907 0.349014 0.287263 0.696516 0.710659
3 0.448761 0.310119 0.026269 0.0644096 0.624707
5 0.245968 0.501096 0.442111 0.997808 0.618537
