5 0.567265 0.496975 0.253157 0.993336 0.924424
4 0.599139 0.174236 0.159427 0.348472 0.881241
5 0.383634 0.310419 0.15609 0.424277 0.844295
3 0.400338 0.259289 0.045257 0.0628052 0.67771
4 0.398179 0.334949 0.0851754 0.186651 0.653317
5 0.567265 0.496975 0.253157 0.993336 0.924424
4 0.599139 0.174236 0.159427 0.348472 0.881241
5 0.383634 0.310419 0.15609 0.424277 0.844295
3 0.400338 0.259289 0.045257 0.0628052 0.67771
4 0.398179 0.334949 0.0851754 0.186651 0.653317
5 0.567265 0.496975 0.253157 0.993336 0.924424
4 0.599139 0.174236 0.159427 0.348472 0.881241
5 0.383634 0.310419 0.15609 0.424277 0.844295
3 0.400338 0.259289 0.045257 0.0628052 0.67771
4 0.398179 0.334949 0.0851754 0.186651 0.653317
5 0.567265 0.496975 0.253157 0.993336 0.924424
4 0.599139 0.174236 0.159427 0.348472 0.881241
5 0.383634 0.310419 0.15609 0.424277 0.844295
3 0.400338 0.259289 0.045257 0.0628052 0.67771
4 0.398179 0.334949 0.0851754 0.186651 0.653317
