4 0.596739 0.184829 0.214625 0.369657 0.871521
0 0.365338 0.175888 0.0897469 0.106891 0.8538
5 0.603694 0.5 0.346525 1 0.731652
5 0.529734 0.5 0.443358 1 0.626461
4 0.596739 0.184829 0.214625 0.369657 0.871521
0 0.365338 0.175888 0.0897469 0.106891 0.8538
5 0.603694 0.5 0.346525 1 0.731652
5 0.529734 0.5 0.443358 1 0.626461
4 0.596739 0.184829 0.214625 0.369657 0.871521
0 0.365338 0.175888 0.0897469 0.106891 0.8538
5 0.603694 0.5 0.346525 1 0.731652
5 0.529734 0.5 0.443358 1 0.626461
4 0.596739 0.184829 0.214625 0.369657 0.871521
0 0.365338 0.175888 0.0897469 0.106891 0.8538
5 0.603694 0.5 0.346525 1 0.731652
5 0.529734 0.5 0.443358 1 0.626461
