0 0.323788 0.207953 0.0888765 0.133088 0.871138
5 0.270738 0.325816 0.340188 0.42234 0.850415
0 0.470939 0.0502742 0.110052 0.096868 0.836266
5 0.496824 0.49865 0.390416 0.992061 0.762377
4 0.242508 0.385556 0.164772 0.285972 0.73864
3 0.321079 0.29384 0.031481 0.0637845 0.67106
0 0.323788 0.207953 0.0888765 0.133088 0.871138
5 0.270738 0.325816 0.340188 0.42234 0.850415
0 0.470939 0.0502742 0.110052 0.096868 0.836266
5 0.496824 0.49865 0.390416 0.992061 0.762377
4 0.242508 0.385556 0.164772 0.285972 0.73864
3 0.321079 0.29384 0.031481 0.0637845 0.67106
0 0.323788 0.207953 0.0888765 0.133088 0.871138
5 0.270738 0.325816 0.340188 0.42234 0.850415
0 0.470939 0.0502742 0.110052 0.096868 0.836266
5 0.496824 0.49865 0.390416 0.992061 0.762377
4 0.242508 0.385556 0.164772 0.285972 0.73864
3 0.321079 0.29384 0.031481 0.0637845 0.67106
0 0.323788 0.207953 0.0888765 0.133088 0.871138
5 0.270738 0.325816 0.340188 0.42234 0.850415
0 0.470939 0.0502742 0.110052 0.096868 0.836266
5 0.496824 0.49865 0.390416 0.992061 0.762377
4 0.242508 0.385556 0.164772 0.285972 0.73864
3 0.321079 0.29384 0.031481 0.0637845 0.67106
