5 0.561285 0.496563 0.254866 0.992928 0.904952
4 0.597734 0.176212 0.15943 0.352423 0.840261
5 0.412169 0.328303 0.149644 0.403287 0.831202
2 0.443607 0.195438 0.0535669 0.116932 0.765759
3 0.450032 0.291986 0.0341246 0.0584021 0.664357
5 0.561285 0.496563 0.254866 0.992928 0.904952
4 0.597734 0.176212 0.15943 0.352423 0.840261
5 0.412169 0.328303 0.149644 0.403287 0.831202
2 0.443607 0.195438 0.0535669 0.116932 0.765759
3 0.450032 0.291986 0.0341246 0.0584021 0.664357
5 0.561285 0.496563 0.254866 0.992928 0.904952
4 0.597734 0.176212 0.15943 0.352423 0.840261
5 0.412169 0.328303 0.149644 0.403287 0.831202
2 0.443607 0.195438 0.0535669 0.116932 0.765759
3 0.450032 0.291986 0.0341246 0.0584021 0.664357
5 0.561285 0.496563 0.254866 0.992928 0.904952
4 0.597734 0.176212 0.15943 0.352423 0.840261
5 0.412169 0.328303 0.149644 0.403287 0.831202
2 0.443607 0.195438 0.0535669 0.116932 0.765759
3 0.450032 0.291986 0.0341246 0.0584021 0.664357
