5 0.303118 0.463365 0.230078 0.802894 0.891669
4 0.28801 0.334241 0.121348 0.293712 0.855553
5 0.553079 0.499347 0.29876 0.998693 0.798604
0 0.360868 0.130075 0.077783 0.0921043 0.771854
4 0.601087 0.19258 0.170362 0.38516 0.743426
5 0.303118 0.463365 0.230078 0.802894 0.891669
4 0.28801 0.334241 0.121348 0.293712 0.855553
5 0.553079 0.499347 0.29876 0.998693 0.798604
0 0.360868 0.130075 0.077783 0.0921043 0.771854
4 0.601087 0.19258 0.170362 0.38516 0.743426
5 0.303118 0.463365 0.230078 0.802894 0.891669
4 0.28801 0.334241 0.121348 0.293712 0.855553
5 0.553079 0.499347 0.29876 0.998693 0.798604
0 0.360868 0.130075 0.077783 0.0921043 0.771854
4 0.601087 0.19258 0.170362 0.38516 0.743426
5 0.303118 0.463365 0.230078 0.802894 0.891669
4 0.28801 0.334241 0.121348 0.293712 0.855553
5 0.553079 0.499347 0.29876 0.998693 0.798604
0 0.360868 0.130075 0.077783 0.0921043 0.771854
4 0.601087 0.19258 0.170362 0.38516 0.743426
