5 0.582401 0.50044 0.274015 0.997727 0.890447
5 0.360634 0.439901 0.203749 0.660407 0.875092
2 0.397573 0.181252 0.0853887 0.126093 0.64868
3 0.39467 0.281106 0.043173 0.0608337 0.613737
5 0.582401 0.50044 0.274015 0.997727 0.890447
5 0.360634 0.439901 0.203749 0.660407 0.875092
2 0.397573 0.181252 0.0853887 0.126093 0.64868
3 0.39467 0.281106 0.043173 0.0608337 0.613737
5 0.582401 0.50044 0.274015 0.997727 0.890447
5 0.360634 0.439901 0.203749 0.660407 0.875092
2 0.397573 0.181252 0.0853887 0.126093 0.64868
3 0.39467 0.281106 0.043173 0.0608337 0.613737
5 0.582401 0.50044 0.274015 0.997727 0.890447
5 0.360634 0.439901 0.203749 0.660407 0.875092
2 0.397573 0.181252 0.0853887 0.126093 0.64868
3 0.39467 0.281106 0.043173 0.0608337 0.613737
