5 0.5154 0.500047 0.340528 0.999907 0.912771
5 0.257718 0.482376 0.245568 0.744883 0.881685
4 0.239803 0.341008 0.1038 0.25458 0.836704
0 0.322314 0.180383 0.0747761 0.103994 0.72843
5 0.5154 0.500047 0.340528 0.999907 0.912771
5 0.257718 0.482376 0.245568 0.744883 0.881685
4 0.239803 0.341008 0.1038 0.25458 0.836704
0 0.322314 0.180383 0.0747761 0.103994 0.72843
5 0.5154 0.500047 0.340528 0.999907 0.912771
5 0.257718 0.482376 0.245568 0.744883 0.881685
4 0.239803 0.341008 0.1038 0.25458 0.836704
0 0.322314 0.180383 0.0747761 0.103994 0.72843
5 0.5154 0.500047 0.340528 0.999907 0.912771
5 0.257718 0.482376 0.245568 0.744883 0.881685
4 0.239803 0.341008 0.1038 0.25458 0.836704
0 0.322314 0.180383 0.0747761 0.103994 0.72843
