0 0.137209 0.0370181 0.067655 0.0736116 0.837513
5 0.0905259 0.263805 0.175894 0.525639 0.812046
5 0.349345 0.4925 0.37724 0.982833 0.667387
4 0.429929 0.182505 0.175951 0.365011 0.647786
0 0.137209 0.0370181 0.067655 0.0736116 0.837513
5 0.0905259 0.263805 0.175894 0.525639 0.812046
5 0.349345 0.4925 0.37724 0.982833 0.667387
4 0.429929 0.182505 0.175951 0.365011 0.647786
0 0.137209 0.0370181 0.067655 0.0736116 0.837513
5 0.0905259 0.263805 0.175894 0.525639 0.812046
5 0.349345 0.4925 0.37724 0.982833 0.667387
4 0.429929 0.182505 0.175951 0.365011 0.647786
0 0.137209 0.0370181 0.067655 0.0736116 0.837513
5 0.0905259 0.263805 0.175894 0.525639 0.812046
5 0.349345 0.4925 0.37724 0.982833 0.667387
4 0.429929 0.182505 0.175951 0.365011 0.647786
