5 0.577447 0.499163 0.231898 0.998155 0.922273
5 0.418522 0.258433 0.0938846 0.512563 0.725319
4 0.599971 0.178486 0.159007 0.356972 0.700094
5 0.577447 0.499163 0.231898 0.998155 0.922273
5 0.418522 0.258433 0.0938846 0.512563 0.725319
4 0.599971 0.178486 0.159007 0.356972 0.700094
5 0.577447 0.499163 0.231898 0.998155 0.922273
5 0.418522 0.258433 0.0938846 0.512563 0.725319
4 0.599971 0.178486 0.159007 0.356972 0.700094
5 0.577447 0.499163 0.231898 0.998155 0.922273
5 0.418522 0.258433 0.0938846 0.512563 0.725319
4 0.599971 0.178486 0.159007 0.356972 0.700094
