5 0.765553 0.500304 0.281439 0.997927 0.922186
5 0.377562 0.496719 0.270186 0.993439 0.763623
4 0.708458 0.209499 0.273632 0.418998 0.716503
5 0.765553 0.500304 0.281439 0.997927 0.922186
5 0.377562 0.496719 0.270186 0.993439 0.763623
4 0.708458 0.209499 0.273632 0.418998 0.716503
5 0.765553 0.500304 0.281439 0.997927 0.922186
5 0.377562 0.496719 0.270186 0.993439 0.763623
4 0.708458 0.209499 0.273632 0.418998 0.716503
5 0.765553 0.500304 0.281439 0.997927 0.922186
5 0.377562 0.496719 0.270186 0.993439 0.763623
4 0.708458 0.209499 0.273632 0.418998 0.716503
