5 0.379698 0.540244 0.178599 0.889648 0.802463
0 0.436075 0.151656 0.055759 0.0882504 0.719902
4 0.430745 0.336466 0.0697821 0.185856 0.709068
5 0.379698 0.540244 0.178599 0.889648 0.802463
0 0.436075 0.151656 0.055759 0.0882504 0.719902
4 0.430745 0.336466 0.0697821 0.185856 0.709068
5 0.379698 0.540244 0.178599 0.889648 0.802463
0 0.436075 0.151656 0.055759 0.0882504 0.719902
4 0.430745 0.336466 0.0697821 0.185856 0.709068
5 0.379698 0.540244 0.178599 0.889648 0.802463
0 0.436075 0.151656 0.055759 0.0882504 0.719902
4 0.430745 0.336466 0.0697821 0.185856 0.709068
