5 0.257741 0.330072 0.340261 0.417779 0.866122
0 0.448928 0.0625627 0.0941848 0.121034 0.864788
0 0.307305 0.20193 0.0908158 0.131143 0.86442
4 0.226381 0.386524 0.14413 0.288358 0.746928
3 0.304301 0.290518 0.0355504 0.066943 0.732426
5 0.257741 0.330072 0.340261 0.417779 0.866122
0 0.448928 0.0625627 0.0941848 0.121034 0.864788
0 0.307305 0.20193 0.0908158 0.131143 0.86442
4 0.226381 0.386524 0.14413 0.288358 0.746928
3 0.304301 0.290518 0.0355504 0.066943 0.732426
5 0.257741 0.330072 0.340261 0.417779 0.866122
0 0.448928 0.0625627 0.0941848 0.121034 0.864788
0 0.307305 0.20193 0.0908158 0.131143 0.86442
4 0.226381 0.386524 0.14413 0.288358 0.746928
3 0.304301 0.290518 0.0355504 0.066943 0.732426
5 0.257741 0.330072 0.340261 0.417779 0.866122
0 0.448928 0.0625627 0.0941848 0.121034 0.864788
0 0.307305 0.20193 0.0908158 0.131143 0.86442
4 0.226381 0.386524 0.14413 0.288358 0.746928
3 0.304301 0.290518 0.0355504 0.066943 0.732426
