5 0.873569 0.500069 0.252861 0.998761 0.920409
5 0.370851 0.498043 0.428696 0.996087 0.798002
4 0.93919 0.202654 0.12162 0.399999 0.785189
5 0.873569 0.500069 0.252861 0.998761 0.920409
5 0.370851 0.498043 0.428696 0.996087 0.798002
4 0.93919 0.202654 0.12162 0.399999 0.785189
5 0.873569 0.500069 0.252861 0.998761 0.920409
5 0.370851 0.498043 0.428696 0.996087 0.798002
4 0.93919 0.202654 0.12162 0.399999 0.785189
5 0.873569 0.500069 0.252861 0.998761 0.920409
5 0.370851 0.498043 0.428696 0.996087 0.798002
4 0.93919 0.202654 0.12162 0.399999 0.785189
