5 0.82506 0.500164 0.349714 0.997146 0.836117
4 0.244869 0.312827 0.160322 0.343919 0.736484
4 0.622861 0.228433 0.105976 0.390961 0.672796
8 0.231295 0.256676 0.459623 0.50963 0.64806
5 0.369189 0.415174 0.143083 0.823424 0.623051
4 0.416735 0.242399 0.0572901 0.395594 0.605874
5 0.82506 0.500164 0.349714 0.997146 0.836117
4 0.244869 0.312827 0.160322 0.343919 0.736484
4 0.622861 0.228433 0.105976 0.390961 0.672796
8 0.231295 0.256676 0.459623 0.50963 0.64806
5 0.369189 0.415174 0.143083 0.823424 0.623051
4 0.416735 0.242399 0.0572901 0.395594 0.605874
5 0.82506 0.500164 0.349714 0.997146 0.836117
4 0.244869 0.312827 0.160322 0.343919 0.736484
4 0.622861 0.228433 0.105976 0.390961 0.672796
8 0.231295 0.256676 0.459623 0.50963 0.64806
5 0.369189 0.415174 0.143083 0.823424 0.623051
4 0.416735 0.242399 0.0572901 0.395594 0.605874
5 0.82506 0.500164 0.349714 0.997146 0.836117
4 0.244869 0.312827 0.160322 0.343919 0.736484
4 0.622861 0.228433 0.105976 0.390961 0.672796
8 0.231295 0.256676 0.459623 0.50963 0.64806
5 0.369189 0.415174 0.143083 0.823424 0.623051
4 0.416735 0.242399 0.0572901 0.395594 0.605874
