5 0.214088 0.291861 0.19925 0.477824 0.890845
4 0.187557 0.35585 0.115686 0.313897 0.751317
0 0.322399 0.0532277 0.0931995 0.106452 0.747979
8 0.191594 0.268604 0.377059 0.530885 0.607012
5 0.214088 0.291861 0.19925 0.477824 0.890845
4 0.187557 0.35585 0.115686 0.313897 0.751317
0 0.322399 0.0532277 0.0931995 0.106452 0.747979
8 0.191594 0.268604 0.377059 0.530885 0.607012
5 0.214088 0.291861 0.19925 0.477824 0.890845
4 0.187557 0.35585 0.115686 0.313897 0.751317
0 0.322399 0.0532277 0.0931995 0.106452 0.747979
8 0.191594 0.268604 0.377059 0.530885 0.607012
5 0.214088 0.291861 0.19925 0.477824 0.890845
4 0.187557 0.35585 0.115686 0.313897 0.751317
0 0.322399 0.0532277 0.0931995 0.106452 0.747979
8 0.191594 0.268604 0.377059 0.530885 0.607012
