5 0.597903 0.500612 0.297856 0.998776 0.895045
4 0.600754 0.196103 0.162265 0.392206 0.830122
5 0.414826 0.455305 0.112219 0.910609 0.707287
4 0.41948 0.342411 0.0902059 0.304296 0.645845
5 0.597903 0.500612 0.297856 0.998776 0.895045
4 0.600754 0.196103 0.162265 0.392206 0.830122
5 0.414826 0.455305 0.112219 0.910609 0.707287
4 0.41948 0.342411 0.0902059 0.304296 0.645845
5 0.597903 0.500612 0.297856 0.998776 0.895045
4 0.600754 0.196103 0.162265 0.392206 0.830122
5 0.414826 0.455305 0.112219 0.910609 0.707287
4 0.41948 0.342411 0.0902059 0.304296 0.645845
5 0.597903 0.500612 0.297856 0.998776 0.895045
4 0.600754 0.196103 0.162265 0.392206 0.830122
5 0.414826 0.455305 0.112219 0.910609 0.707287
4 0.41948 0.342411 0.0902059 0.304296 0.645845
