5 0.500795 0.49975 0.395522 0.998887 0.910355
5 0.265655 0.47695 0.231365 0.776632 0.885961
4 0.243569 0.33929 0.116873 0.266797 0.846714
0 0.331124 0.156371 0.0765581 0.103618 0.809409
5 0.500795 0.49975 0.395522 0.998887 0.910355
5 0.265655 0.47695 0.231365 0.776632 0.885961
4 0.243569 0.33929 0.116873 0.266797 0.846714
0 0.331124 0.156371 0.0765581 0.103618 0.809409
5 0.500795 0.49975 0.395522 0.998887 0.910355
5 0.265655 0.47695 0.231365 0.776632 0.885961
4 0.243569 0.33929 0.116873 0.266797 0.846714
0 0.331124 0.156371 0.0765581 0.103618 0.809409
5 0.500795 0.49975 0.395522 0.998887 0.910355
5 0.265655 0.47695 0.231365 0.776632 0.885961
4 0.243569 0.33929 0.116873 0.266797 0.846714
0 0.331124 0.156371 0.0765581 0.103618 0.809409
