5 0.575709 0.500778 0.256659 0.997258 0.870883
4 0.593166 0.203561 0.16316 0.407122 0.842917
5 0.151778 0.647135 0.183641 0.314295 0.623464
5 0.575709 0.500778 0.256659 0.997258 0.870883
4 0.593166 0.203561 0.16316 0.407122 0.842917
5 0.151778 0.647135 0.183641 0.314295 0.623464
5 0.575709 0.500778 0.256659 0.997258 0.870883
4 0.593166 0.203561 0.16316 0.407122 0.842917
5 0.151778 0.647135 0.183641 0.314295 0.623464
5 0.575709 0.500778 0.256659 0.997258 0.870883
4 0.593166 0.203561 0.16316 0.407122 0.842917
5 0.151778 0.647135 0.183641 0.314295 0.623464
