5 0.693822 0.498189 0.436358 0.996147 0.911907
4 0.671926 0.175242 0.275821 0.350485 0.752444
5 0.36078 0.485918 0.203847 0.971835 0.740487
5 0.693822 0.498189 0.436358 0.996147 0.911907
4 0.671926 0.175242 0.275821 0.350485 0.752444
5 0.36078 0.485918 0.203847 0.971835 0.740487
5 0.693822 0.498189 0.436358 0.996147 0.911907
4 0.671926 0.175242 0.275821 0.350485 0.752444
5 0.36078 0.485918 0.203847 0.971835 0.740487
5 0.693822 0.498189 0.436358 0.996147 0.911907
4 0.671926 0.175242 0.275821 0.350485 0.752444
5 0.36078 0.485918 0.203847 0.971835 0.740487
