4 0.280309 0.22556 0.152616 0.415171 0.906461
5 0.252412 0.495482 0.320809 0.987861 0.890091
5 0.59051 0.467125 0.198128 0.907777 0.781682
2 0.606666 0.0823353 0.0847066 0.110478 0.610527
4 0.280309 0.22556 0.152616 0.415171 0.906461
5 0.252412 0.495482 0.320809 0.987861 0.890091
5 0.59051 0.467125 0.198128 0.907777 0.781682
2 0.606666 0.0823353 0.0847066 0.110478 0.610527
4 0.280309 0.22556 0.152616 0.415171 0.906461
5 0.252412 0.495482 0.320809 0.987861 0.890091
5 0.59051 0.467125 0.198128 0.907777 0.781682
2 0.606666 0.0823353 0.0847066 0.110478 0.610527
4 0.280309 0.22556 0.152616 0.415171 0.906461
5 0.252412 0.495482 0.320809 0.987861 0.890091
5 0.59051 0.467125 0.198128 0.907777 0.781682
2 0.606666 0.0823353 0.0847066 0.110478 0.610527
