5 0.382133 0.496933 0.168669 0.800956 0.830242
0 0.435829 0.159365 0.0545124 0.0995492 0.796343
4 0.431115 0.338147 0.0669382 0.183049 0.652046
5 0.382133 0.496933 0.168669 0.800956 0.830242
0 0.435829 0.159365 0.0545124 0.0995492 0.796343
4 0.431115 0.338147 0.0669382 0.183049 0.652046
5 0.382133 0.496933 0.168669 0.800956 0.830242
0 0.435829 0.159365 0.0545124 0.0995492 0.796343
4 0.431115 0.338147 0.0669382 0.183049 0.652046
5 0.382133 0.496933 0.168669 0.800956 0.830242
0 0.435829 0.159365 0.0545124 0.0995492 0.796343
4 0.431115 0.338147 0.0669382 0.183049 0.652046
