5 0.547862 0.499743 0.292266 0.997289 0.878491
4 0.426418 0.387752 0.0766867 0.190317 0.736287
5 0.414982 0.272126 0.115582 0.491059 0.712131
5 0.547862 0.499743 0.292266 0.997289 0.878491
4 0.426418 0.387752 0.0766867 0.190317 0.736287
5 0.414982 0.272126 0.115582 0.491059 0.712131
5 0.547862 0.499743 0.292266 0.997289 0.878491
4 0.426418 0.387752 0.0766867 0.190317 0.736287
5 0.414982 0.272126 0.115582 0.491059 0.712131
5 0.547862 0.499743 0.292266 0.997289 0.878491
4 0.426418 0.387752 0.0766867 0.190317 0.736287
5 0.414982 0.272126 0.115582 0.491059 0.712131
