5 0.578407 0.499836 0.278875 0.996499 0.90039
5 0.362507 0.437861 0.212245 0.663278 0.868546
2 0.396928 0.180028 0.0867876 0.127777 0.748412
4 0.615442 0.172168 0.167457 0.344337 0.684374
3 0.395514 0.277464 0.0433408 0.057802 0.640419
5 0.578407 0.499836 0.278875 0.996499 0.90039
5 0.362507 0.437861 0.212245 0.663278 0.868546
2 0.396928 0.180028 0.0867876 0.127777 0.748412
4 0.615442 0.172168 0.167457 0.344337 0.684374
3 0.395514 0.277464 0.0433408 0.057802 0.640419
5 0.578407 0.499836 0.278875 0.996499 0.90039
5 0.362507 0.437861 0.212245 0.663278 0.868546
2 0.396928 0.180028 0.0867876 0.127777 0.748412
4 0.615442 0.172168 0.167457 0.344337 0.684374
3 0.395514 0.277464 0.0433408 0.057802 0.640419
5 0.578407 0.499836 0.278875 0.996499 0.90039
5 0.362507 0.437861 0.212245 0.663278 0.868546
2 0.396928 0.180028 0.0867876 0.127777 0.748412
4 0.615442 0.172168 0.167457 0.344337 0.684374
3 0.395514 0.277464 0.0433408 0.057802 0.640419
