5 0.616056 0.470669 0.255417 0.922074 0.842039
4 0.642205 0.279729 0.100728 0.223015 0.835552
4 0.425814 0.368371 0.0671913 0.249603 0.826068
5 0.384994 0.539179 0.150099 0.724434 0.816567
0 0.355017 0.293831 0.0846713 0.163458 0.762319
2 0.606859 0.0991466 0.112714 0.186137 0.688935
5 0.616056 0.470669 0.255417 0.922074 0.842039
4 0.642205 0.279729 0.100728 0.223015 0.835552
4 0.425814 0.368371 0.0671913 0.249603 0.826068
5 0.384994 0.539179 0.150099 0.724434 0.816567
0 0.355017 0.293831 0.0846713 0.163458 0.762319
2 0.606859 0.0991466 0.112714 0.186137 0.688935
5 0.616056 0.470669 0.255417 0.922074 0.842039
4 0.642205 0.279729 0.100728 0.223015 0.835552
4 0.425814 0.368371 0.0671913 0.249603 0.826068
5 0.384994 0.539179 0.150099 0.724434 0.816567
0 0.355017 0.293831 0.0846713 0.163458 0.762319
2 0.606859 0.0991466 0.112714 0.186137 0.688935
5 0.616056 0.470669 0.255417 0.922074 0.842039
4 0.642205 0.279729 0.100728 0.223015 0.835552
4 0.425814 0.368371 0.0671913 0.249603 0.826068
5 0.384994 0.539179 0.150099 0.724434 0.816567
0 0.355017 0.293831 0.0846713 0.163458 0.762319
2 0.606859 0.0991466 0.112714 0.186137 0.688935
