5 0.135817 0.281456 0.27161 0.465431 0.916498
5 0.861708 0.500655 0.270917 0.998689 0.899327
4 0.874422 0.184296 0.218151 0.368592 0.868987
0 0.155026 0.130406 0.0985027 0.116971 0.86102
3 0.153802 0.217838 0.039861 0.0451567 0.758955
5 0.135817 0.281456 0.27161 0.465431 0.916498
5 0.861708 0.500655 0.270917 0.998689 0.899327
4 0.874422 0.184296 0.218151 0.368592 0.868987
0 0.155026 0.130406 0.0985027 0.116971 0.86102
3 0.153802 0.217838 0.039861 0.0451567 0.758955
5 0.135817 0.281456 0.27161 0.465431 0.916498
5 0.861708 0.500655 0.270917 0.998689 0.899327
4 0.874422 0.184296 0.218151 0.368592 0.868987
0 0.155026 0.130406 0.0985027 0.116971 0.86102
3 0.153802 0.217838 0.039861 0.0451567 0.758955
5 0.135817 0.281456 0.27161 0.465431 0.916498
5 0.861708 0.500655 0.270917 0.998689 0.899327
4 0.874422 0.184296 0.218151 0.368592 0.868987
0 0.155026 0.130406 0.0985027 0.116971 0.86102
3 0.153802 0.217838 0.039861 0.0451567 0.758955
