5 0.57815 0.498808 0.272544 0.997616 0.866799
4 0.613206 0.174309 0.164677 0.348618 0.866106
5 0.367008 0.326951 0.189039 0.462423 0.837296
4 0.360549 0.37644 0.122927 0.255458 0.818341
5 0.36661 0.426692 0.185769 0.664384 0.802487
3 0.394468 0.264679 0.0386329 0.050867 0.684437
5 0.57815 0.498808 0.272544 0.997616 0.866799
4 0.613206 0.174309 0.164677 0.348618 0.866106
5 0.367008 0.326951 0.189039 0.462423 0.837296
4 0.360549 0.37644 0.122927 0.255458 0.818341
5 0.36661 0.426692 0.185769 0.664384 0.802487
3 0.394468 0.264679 0.0386329 0.050867 0.684437
5 0.57815 0.498808 0.272544 0.997616 0.866799
4 0.613206 0.174309 0.164677 0.348618 0.866106
5 0.367008 0.326951 0.189039 0.462423 0.837296
4 0.360549 0.37644 0.122927 0.255458 0.818341
5 0.36661 0.426692 0.185769 0.664384 0.802487
3 0.394468 0.264679 0.0386329 0.050867 0.684437
5 0.57815 0.498808 0.272544 0.997616 0.866799
4 0.613206 0.174309 0.164677 0.348618 0.866106
5 0.367008 0.326951 0.189039 0.462423 0.837296
4 0.360549 0.37644 0.122927 0.255458 0.818341
5 0.36661 0.426692 0.185769 0.664384 0.802487
3 0.394468 0.264679 0.0386329 0.050867 0.684437
