5 0.877148 0.500849 0.245406 0.997958 0.923395
4 0.937856 0.205137 0.124275 0.400011 0.782642
5 0.370582 0.497961 0.429381 0.995922 0.690095
5 0.877148 0.500849 0.245406 0.997958 0.923395
4 0.937856 0.205137 0.124275 0.400011 0.782642
5 0.370582 0.497961 0.429381 0.995922 0.690095
5 0.877148 0.500849 0.245406 0.997958 0.923395
4 0.937856 0.205137 0.124275 0.400011 0.782642
5 0.370582 0.497961 0.429381 0.995922 0.690095
5 0.877148 0.500849 0.245406 0.997958 0.923395
4 0.937856 0.205137 0.124275 0.400011 0.782642
5 0.370582 0.497961 0.429381 0.995922 0.690095
