4 0.213977 0.174153 0.187171 0.348307 0.871759
5 0.21921 0.500359 0.196177 0.999281 0.793155
5 0.164065 0.500456 0.314757 0.999088 0.634728
4 0.213977 0.174153 0.187171 0.348307 0.871759
5 0.21921 0.500359 0.196177 0.999281 0.793155
5 0.164065 0.500456 0.314757 0.999088 0.634728
4 0.213977 0.174153 0.187171 0.348307 0.871759
5 0.21921 0.500359 0.196177 0.999281 0.793155
5 0.164065 0.500456 0.314757 0.999088 0.634728
4 0.213977 0.174153 0.187171 0.348307 0.871759
5 0.21921 0.500359 0.196177 0.999281 0.793155
5 0.164065 0.500456 0.314757 0.999088 0.634728
