5 0.0919908 0.264786 0.180824 0.525183 0.841128
5 0.398387 0.500376 0.302523 0.999247 0.736184
0 0.120906 0.0301047 0.0657733 0.0589964 0.678291
5 0.0919908 0.264786 0.180824 0.525183 0.841128
5 0.398387 0.500376 0.302523 0.999247 0.736184
0 0.120906 0.0301047 0.0657733 0.0589964 0.678291
5 0.0919908 0.264786 0.180824 0.525183 0.841128
5 0.398387 0.500376 0.302523 0.999247 0.736184
0 0.120906 0.0301047 0.0657733 0.0589964 0.678291
5 0.0919908 0.264786 0.180824 0.525183 0.841128
5 0.398387 0.500376 0.302523 0.999247 0.736184
0 0.120906 0.0301047 0.0657733 0.0589964 0.678291
