5 0.18323 0.499133 0.357462 0.996323 0.923312
5 0.380388 0.415174 0.168912 0.827101 0.876707
4 0.436403 0.393972 0.0539339 0.257843 0.812379
5 0.18323 0.499133 0.357462 0.996323 0.923312
5 0.380388 0.415174 0.168912 0.827101 0.876707
4 0.436403 0.393972 0.0539339 0.257843 0.812379
5 0.18323 0.499133 0.357462 0.996323 0.923312
5 0.380388 0.415174 0.168912 0.827101 0.876707
4 0.436403 0.393972 0.0539339 0.257843 0.812379
5 0.18323 0.499133 0.357462 0.996323 0.923312
5 0.380388 0.415174 0.168912 0.827101 0.876707
4 0.436403 0.393972 0.0539339 0.257843 0.812379
