0 0.349041 0.176477 0.0863447 0.097825 0.835193
5 0.507478 0.500079 0.410348 0.999842 0.772566
5 0.579786 0.499376 0.28785 0.998753 0.746433
0 0.349041 0.176477 0.0863447 0.097825 0.835193
5 0.507478 0.500079 0.410348 0.999842 0.772566
5 0.579786 0.499376 0.28785 0.998753 0.746433
0 0.349041 0.176477 0.0863447 0.097825 0.835193
5 0.507478 0.500079 0.410348 0.999842 0.772566
5 0.579786 0.499376 0.28785 0.998753 0.746433
0 0.349041 0.176477 0.0863447 0.097825 0.835193
5 0.507478 0.500079 0.410348 0.999842 0.772566
5 0.579786 0.499376 0.28785 0.998753 0.746433
