4 0.216266 0.173488 0.158368 0.346976 0.841293
5 0.195894 0.496926 0.38946 0.993851 0.823636
5 0.255343 0.499204 0.283739 0.998409 0.696878
4 0.216266 0.173488 0.158368 0.346976 0.841293
5 0.195894 0.496926 0.38946 0.993851 0.823636
5 0.255343 0.499204 0.283739 0.998409 0.696878
4 0.216266 0.173488 0.158368 0.346976 0.841293
5 0.195894 0.496926 0.38946 0.993851 0.823636
5 0.255343 0.499204 0.283739 0.998409 0.696878
4 0.216266 0.173488 0.158368 0.346976 0.841293
5 0.195894 0.496926 0.38946 0.993851 0.823636
5 0.255343 0.499204 0.283739 0.998409 0.696878
