5 0.095428 0.265452 0.189726 0.529617 0.877625
0 0.133384 0.0351783 0.072977 0.0703566 0.82877
4 0.430177 0.191793 0.176706 0.383585 0.816196
5 0.358752 0.500662 0.377702 0.998676 0.78837
7 0.0776444 0.261604 0.124426 0.317909 0.689557
5 0.34441 0.273033 0.379011 0.544359 0.626094
5 0.095428 0.265452 0.189726 0.529617 0.877625
0 0.133384 0.0351783 0.072977 0.0703566 0.82877
4 0.430177 0.191793 0.176706 0.383585 0.816196
5 0.358752 0.500662 0.377702 0.998676 0.78837
7 0.0776444 0.261604 0.124426 0.317909 0.689557
5 0.34441 0.273033 0.379011 0.544359 0.626094
5 0.095428 0.265452 0.189726 0.529617 0.877625
0 0.133384 0.0351783 0.072977 0.0703566 0.82877
4 0.430177 0.191793 0.176706 0.383585 0.816196
5 0.358752 0.500662 0.377702 0.998676 0.78837
7 0.0776444 0.261604 0.124426 0.317909 0.689557
5 0.34441 0.273033 0.379011 0.544359 0.626094
5 0.095428 0.265452 0.189726 0.529617 0.877625
0 0.133384 0.0351783 0.072977 0.0703566 0.82877
4 0.430177 0.191793 0.176706 0.383585 0.816196
5 0.358752 0.500662 0.377702 0.998676 0.78837
7 0.0776444 0.261604 0.124426 0.317909 0.689557
5 0.34441 0.273033 0.379011 0.544359 0.626094
