0 0.352956 0.0808219 0.0934941 0.140505 0.763114
5 0.325465 0.27336 0.442205 0.540774 0.718407
5 0.238166 0.272556 0.236013 0.527306 0.71131
0 0.352956 0.0808219 0.0934941 0.140505 0.763114
5 0.325465 0.27336 0.442205 0.540774 0.718407
5 0.238166 0.272556 0.236013 0.527306 0.71131
0 0.352956 0.0808219 0.0934941 0.140505 0.763114
5 0.325465 0.27336 0.442205 0.540774 0.718407
5 0.238166 0.272556 0.236013 0.527306 0.71131
0 0.352956 0.0808219 0.0934941 0.140505 0.763114
5 0.325465 0.27336 0.442205 0.540774 0.718407
5 0.238166 0.272556 0.236013 0.527306 0.71131
