5 0.568447 0.495927 0.253565 0.991853 0.917321
5 0.396925 0.318843 0.155785 0.416023 0.859449
4 0.599768 0.176904 0.163696 0.353808 0.828466
3 0.413342 0.28122 0.0402728 0.0554049 0.676371
0 0.41524 0.181647 0.0798532 0.118445 0.638881
5 0.568447 0.495927 0.253565 0.991853 0.917321
5 0.396925 0.318843 0.155785 0.416023 0.859449
4 0.599768 0.176904 0.163696 0.353808 0.828466
3 0.413342 0.28122 0.0402728 0.0554049 0.676371
0 0.41524 0.181647 0.0798532 0.118445 0.638881
5 0.568447 0.495927 0.253565 0.991853 0.917321
5 0.396925 0.318843 0.155785 0.416023 0.859449
4 0.599768 0.176904 0.163696 0.353808 0.828466
3 0.413342 0.28122 0.0402728 0.0554049 0.676371
0 0.41524 0.181647 0.0798532 0.118445 0.638881
5 0.568447 0.495927 0.253565 0.991853 0.917321
5 0.396925 0.318843 0.155785 0.416023 0.859449
4 0.599768 0.176904 0.163696 0.353808 0.828466
3 0.413342 0.28122 0.0402728 0.0554049 0.676371
0 0.41524 0.181647 0.0798532 0.118445 0.638881
