4 0.329544 0.305742 0.140474 0.353872 0.886049
5 0.318157 0.466838 0.283941 0.925961 0.867144
5 0.632563 0.494866 0.248027 0.986387 0.866593
0 0.289574 0.070999 0.0919857 0.139576 0.858669
3 0.305672 0.172534 0.0466215 0.0582671 0.684704
4 0.329544 0.305742 0.140474 0.353872 0.886049
5 0.318157 0.466838 0.283941 0.925961 0.867144
5 0.632563 0.494866 0.248027 0.986387 0.866593
0 0.289574 0.070999 0.0919857 0.139576 0.858669
3 0.305672 0.172534 0.0466215 0.0582671 0.684704
4 0.329544 0.305742 0.140474 0.353872 0.886049
5 0.318157 0.466838 0.283941 0.925961 0.867144
5 0.632563 0.494866 0.248027 0.986387 0.866593
0 0.289574 0.070999 0.0919857 0.139576 0.858669
3 0.305672 0.172534 0.0466215 0.0582671 0.684704
4 0.329544 0.305742 0.140474 0.353872 0.886049
5 0.318157 0.466838 0.283941 0.925961 0.867144
5 0.632563 0.494866 0.248027 0.986387 0.866593
0 0.289574 0.070999 0.0919857 0.139576 0.858669
3 0.305672 0.172534 0.0466215 0.0582671 0.684704
