5 0.586155 0.516103 0.244336 0.950038 0.876226
0 0.340647 0.237193 0.0896975 0.187727 0.735786
4 0.600652 0.285436 0.0783708 0.270598 0.717322
5 0.586155 0.516103 0.244336 0.950038 0.876226
0 0.340647 0.237193 0.0896975 0.187727 0.735786
4 0.600652 0.285436 0.0783708 0.270598 0.717322
5 0.586155 0.516103 0.244336 0.950038 0.876226
0 0.340647 0.237193 0.0896975 0.187727 0.735786
4 0.600652 0.285436 0.0783708 0.270598 0.717322
5 0.586155 0.516103 0.244336 0.950038 0.876226
0 0.340647 0.237193 0.0896975 0.187727 0.735786
4 0.600652 0.285436 0.0783708 0.270598 0.717322
