5 0.869051 0.693918 0.260647 0.607396 0.912385
5 0.25891 0.477988 0.317393 0.955976 0.754996
4 0.286905 0.344659 0.108673 0.27179 0.635986
5 0.869051 0.693918 0.260647 0.607396 0.912385
5 0.25891 0.477988 0.317393 0.955976 0.754996
4 0.286905 0.344659 0.108673 0.27179 0.635986
5 0.869051 0.693918 0.260647 0.607396 0.912385
5 0.25891 0.477988 0.317393 0.955976 0.754996
4 0.286905 0.344659 0.108673 0.27179 0.635986
5 0.869051 0.693918 0.260647 0.607396 0.912385
5 0.25891 0.477988 0.317393 0.955976 0.754996
4 0.286905 0.344659 0.108673 0.27179 0.635986
