4 0.129363 0.142679 0.0968363 0.285357 0.771996
5 0.480678 0.484967 0.325771 0.968611 0.685895
5 0.0996583 0.214048 0.19853 0.428096 0.644475
4 0.129363 0.142679 0.0968363 0.285357 0.771996
5 0.480678 0.484967 0.325771 0.968611 0.685895
5 0.0996583 0.214048 0.19853 0.428096 0.644475
4 0.129363 0.142679 0.0968363 0.285357 0.771996
5 0.480678 0.484967 0.325771 0.968611 0.685895
5 0.0996583 0.214048 0.19853 0.428096 0.644475
4 0.129363 0.142679 0.0968363 0.285357 0.771996
5 0.480678 0.484967 0.325771 0.968611 0.685895
5 0.0996583 0.214048 0.19853 0.428096 0.644475
