5 0.569884 0.499326 0.28693 0.998652 0.901867
5 0.354343 0.441601 0.219565 0.665927 0.881979
2 0.398429 0.18608 0.0895915 0.137299 0.831803
4 0.603784 0.175274 0.176487 0.350548 0.657459
3 0.394415 0.279819 0.0415827 0.0607631 0.603163
5 0.569884 0.499326 0.28693 0.998652 0.901867
5 0.354343 0.441601 0.219565 0.665927 0.881979
2 0.398429 0.18608 0.0895915 0.137299 0.831803
4 0.603784 0.175274 0.176487 0.350548 0.657459
3 0.394415 0.279819 0.0415827 0.0607631 0.603163
5 0.569884 0.499326 0.28693 0.998652 0.901867
5 0.354343 0.441601 0.219565 0.665927 0.881979
2 0.398429 0.18608 0.0895915 0.137299 0.831803
4 0.603784 0.175274 0.176487 0.350548 0.657459
3 0.394415 0.279819 0.0415827 0.0607631 0.603163
5 0.569884 0.499326 0.28693 0.998652 0.901867
5 0.354343 0.441601 0.219565 0.665927 0.881979
2 0.398429 0.18608 0.0895915 0.137299 0.831803
4 0.603784 0.175274 0.176487 0.350548 0.657459
3 0.394415 0.279819 0.0415827 0.0607631 0.603163
