5 0.254692 0.497523 0.342696 0.995045 0.900474
4 0.251473 0.169477 0.202833 0.338953 0.746694
4 0.132695 0.352052 0.044298 0.236761 0.688845
5 0.254692 0.497523 0.342696 0.995045 0.900474
4 0.251473 0.169477 0.202833 0.338953 0.746694
4 0.132695 0.352052 0.044298 0.236761 0.688845
5 0.254692 0.497523 0.342696 0.995045 0.900474
4 0.251473 0.169477 0.202833 0.338953 0.746694
4 0.132695 0.352052 0.044298 0.236761 0.688845
5 0.254692 0.497523 0.342696 0.995045 0.900474
4 0.251473 0.169477 0.202833 0.338953 0.746694
4 0.132695 0.352052 0.044298 0.236761 0.688845
