5 0.265357 0.499075 0.348476 0.99815 0.934087
4 0.156397 0.342793 0.0796181 0.295304 0.780223
4 0.295921 0.178366 0.229343 0.356732 0.752393
5 0.265357 0.499075 0.348476 0.99815 0.934087
4 0.156397 0.342793 0.0796181 0.295304 0.780223
4 0.295921 0.178366 0.229343 0.356732 0.752393
5 0.265357 0.499075 0.348476 0.99815 0.934087
4 0.156397 0.342793 0.0796181 0.295304 0.780223
4 0.295921 0.178366 0.229343 0.356732 0.752393
5 0.265357 0.499075 0.348476 0.99815 0.934087
4 0.156397 0.342793 0.0796181 0.295304 0.780223
4 0.295921 0.178366 0.229343 0.356732 0.752393
