0 0.436706 0.0711685 0.0907271 0.139735 0.845834
5 0.242086 0.324861 0.341528 0.427818 0.819827
0 0.295549 0.193487 0.095392 0.131432 0.813407
3 0.287737 0.279553 0.0378784 0.0602753 0.793019
4 0.217702 0.383351 0.139525 0.295505 0.763994
5 0.457553 0.246473 0.311498 0.489863 0.635205
0 0.436706 0.0711685 0.0907271 0.139735 0.845834
5 0.242086 0.324861 0.341528 0.427818 0.819827
0 0.295549 0.193487 0.095392 0.131432 0.813407
3 0.287737 0.279553 0.0378784 0.0602753 0.793019
4 0.217702 0.383351 0.139525 0.295505 0.763994
5 0.457553 0.246473 0.311498 0.489863 0.635205
0 0.436706 0.0711685 0.0907271 0.139735 0.845834
5 0.242086 0.324861 0.341528 0.427818 0.819827
0 0.295549 0.193487 0.095392 0.131432 0.813407
3 0.287737 0.279553 0.0378784 0.0602753 0.793019
4 0.217702 0.383351 0.139525 0.295505 0.763994
5 0.457553 0.246473 0.311498 0.489863 0.635205
0 0.436706 0.0711685 0.0907271 0.139735 0.845834
5 0.242086 0.324861 0.341528 0.427818 0.819827
0 0.295549 0.193487 0.095392 0.131432 0.813407
3 0.287737 0.279553 0.0378784 0.0602753 0.793019
4 0.217702 0.383351 0.139525 0.295505 0.763994
5 0.457553 0.246473 0.311498 0.489863 0.635205
