5 0.631176 0.490606 0.251393 0.976763 0.869463
5 0.326786 0.415494 0.292186 0.82935 0.866191
4 0.334779 0.307086 0.14272 0.3515 0.865262
2 0.291557 0.0798334 0.0910181 0.155903 0.804577
0 0.291118 0.0794053 0.0895161 0.154282 0.75429
3 0.306489 0.178064 0.0440146 0.0565474 0.636049
5 0.631176 0.490606 0.251393 0.976763 0.869463
5 0.326786 0.415494 0.292186 0.82935 0.866191
4 0.334779 0.307086 0.14272 0.3515 0.865262
2 0.291557 0.0798334 0.0910181 0.155903 0.804577
0 0.291118 0.0794053 0.0895161 0.154282 0.75429
3 0.306489 0.178064 0.0440146 0.0565474 0.636049
5 0.631176 0.490606 0.251393 0.976763 0.869463
5 0.326786 0.415494 0.292186 0.82935 0.866191
4 0.334779 0.307086 0.14272 0.3515 0.865262
2 0.291557 0.0798334 0.0910181 0.155903 0.804577
0 0.291118 0.0794053 0.0895161 0.154282 0.75429
3 0.306489 0.178064 0.0440146 0.0565474 0.636049
5 0.631176 0.490606 0.251393 0.976763 0.869463
5 0.326786 0.415494 0.292186 0.82935 0.866191
4 0.334779 0.307086 0.14272 0.3515 0.865262
2 0.291557 0.0798334 0.0910181 0.155903 0.804577
0 0.291118 0.0794053 0.0895161 0.154282 0.75429
3 0.306489 0.178064 0.0440146 0.0565474 0.636049
