5 0.248122 0.49976 0.277977 0.71093 0.902831
4 0.230257 0.35329 0.121342 0.261867 0.872672
5 0.46838 0.499652 0.42369 0.997176 0.837213
5 0.248122 0.49976 0.277977 0.71093 0.902831
4 0.230257 0.35329 0.121342 0.261867 0.872672
5 0.46838 0.499652 0.42369 0.997176 0.837213
5 0.248122 0.49976 0.277977 0.71093 0.902831
4 0.230257 0.35329 0.121342 0.261867 0.872672
5 0.46838 0.499652 0.42369 0.997176 0.837213
5 0.248122 0.49976 0.277977 0.71093 0.902831
4 0.230257 0.35329 0.121342 0.261867 0.872672
5 0.46838 0.499652 0.42369 0.997176 0.837213
