5 0.853463 0.500166 0.293074 0.997301 0.856903
5 0.171594 0.441134 0.327137 0.871763 0.800066
5 0.171378 0.257694 0.329546 0.510195 0.607603
5 0.853463 0.500166 0.293074 0.997301 0.856903
5 0.171594 0.441134 0.327137 0.871763 0.800066
5 0.171378 0.257694 0.329546 0.510195 0.607603
5 0.853463 0.500166 0.293074 0.997301 0.856903
5 0.171594 0.441134 0.327137 0.871763 0.800066
5 0.171378 0.257694 0.329546 0.510195 0.607603
5 0.853463 0.500166 0.293074 0.997301 0.856903
5 0.171594 0.441134 0.327137 0.871763 0.800066
5 0.171378 0.257694 0.329546 0.510195 0.607603
