5 0.173537 0.497567 0.339692 0.995134 0.925259
5 0.36861 0.461714 0.190222 0.920942 0.859663
4 0.435611 0.398228 0.0548975 0.269341 0.657055
5 0.173537 0.497567 0.339692 0.995134 0.925259
5 0.36861 0.461714 0.190222 0.920942 0.859663
4 0.435611 0.398228 0.0548975 0.269341 0.657055
5 0.173537 0.497567 0.339692 0.995134 0.925259
5 0.36861 0.461714 0.190222 0.920942 0.859663
4 0.435611 0.398228 0.0548975 0.269341 0.657055
5 0.173537 0.497567 0.339692 0.995134 0.925259
5 0.36861 0.461714 0.190222 0.920942 0.859663
4 0.435611 0.398228 0.0548975 0.269341 0.657055
