4 0.601615 0.187395 0.220075 0.37479 0.881867
0 0.365442 0.171498 0.0894756 0.102732 0.873407
5 0.599569 0.500027 0.318961 0.99903 0.83148
3 0.373593 0.22914 0.0343038 0.0341309 0.626328
4 0.601615 0.187395 0.220075 0.37479 0.881867
0 0.365442 0.171498 0.0894756 0.102732 0.873407
5 0.599569 0.500027 0.318961 0.99903 0.83148
3 0.373593 0.22914 0.0343038 0.0341309 0.626328
4 0.601615 0.187395 0.220075 0.37479 0.881867
0 0.365442 0.171498 0.0894756 0.102732 0.873407
5 0.599569 0.500027 0.318961 0.99903 0.83148
3 0.373593 0.22914 0.0343038 0.0341309 0.626328
4 0.601615 0.187395 0.220075 0.37479 0.881867
0 0.365442 0.171498 0.0894756 0.102732 0.873407
5 0.599569 0.500027 0.318961 0.99903 0.83148
3 0.373593 0.22914 0.0343038 0.0341309 0.626328
