4 0.418277 0.349255 0.0833218 0.233021 0.87064
5 0.603483 0.50229 0.25329 0.890471 0.817198
2 0.5445 0.125423 0.102312 0.200663 0.684441
4 0.62979 0.261601 0.0970341 0.301644 0.670295
5 0.381172 0.573696 0.162488 0.79951 0.644809
0 0.345652 0.261323 0.0770373 0.158072 0.6009
4 0.418277 0.349255 0.0833218 0.233021 0.87064
5 0.603483 0.50229 0.25329 0.890471 0.817198
2 0.5445 0.125423 0.102312 0.200663 0.684441
4 0.62979 0.261601 0.0970341 0.301644 0.670295
5 0.381172 0.573696 0.162488 0.79951 0.644809
0 0.345652 0.261323 0.0770373 0.158072 0.6009
4 0.418277 0.349255 0.0833218 0.233021 0.87064
5 0.603483 0.50229 0.25329 0.890471 0.817198
2 0.5445 0.125423 0.102312 0.200663 0.684441
4 0.62979 0.261601 0.0970341 0.301644 0.670295
5 0.381172 0.573696 0.162488 0.79951 0.644809
0 0.345652 0.261323 0.0770373 0.158072 0.6009
4 0.418277 0.349255 0.0833218 0.233021 0.87064
5 0.603483 0.50229 0.25329 0.890471 0.817198
2 0.5445 0.125423 0.102312 0.200663 0.684441
4 0.62979 0.261601 0.0970341 0.301644 0.670295
5 0.381172 0.573696 0.162488 0.79951 0.644809
0 0.345652 0.261323 0.0770373 0.158072 0.6009
