5 0.255572 0.497872 0.365791 0.993397 0.86539
5 0.588739 0.416619 0.190992 0.794852 0.796783
4 0.272927 0.215313 0.153199 0.407576 0.756213
4 0.608259 0.286519 0.0898697 0.366446 0.640163
5 0.255572 0.497872 0.365791 0.993397 0.86539
5 0.588739 0.416619 0.190992 0.794852 0.796783
4 0.272927 0.215313 0.153199 0.407576 0.756213
4 0.608259 0.286519 0.0898697 0.366446 0.640163
5 0.255572 0.497872 0.365791 0.993397 0.86539
5 0.588739 0.416619 0.190992 0.794852 0.796783
4 0.272927 0.215313 0.153199 0.407576 0.756213
4 0.608259 0.286519 0.0898697 0.366446 0.640163
5 0.255572 0.497872 0.365791 0.993397 0.86539
5 0.588739 0.416619 0.190992 0.794852 0.796783
4 0.272927 0.215313 0.153199 0.407576 0.756213
4 0.608259 0.286519 0.0898697 0.366446 0.640163
