4 0.391703 0.418429 0.073099 0.251505 0.842604
5 0.316274 0.506549 0.226685 0.97465 0.766209
5 0.54713 0.49867 0.262117 0.997085 0.762899
4 0.535734 0.192135 0.200349 0.384271 0.714147
4 0.391703 0.418429 0.073099 0.251505 0.842604
5 0.316274 0.506549 0.226685 0.97465 0.766209
5 0.54713 0.49867 0.262117 0.997085 0.762899
4 0.535734 0.192135 0.200349 0.384271 0.714147
4 0.391703 0.418429 0.073099 0.251505 0.842604
5 0.316274 0.506549 0.226685 0.97465 0.766209
5 0.54713 0.49867 0.262117 0.997085 0.762899
4 0.535734 0.192135 0.200349 0.384271 0.714147
4 0.391703 0.418429 0.073099 0.251505 0.842604
5 0.316274 0.506549 0.226685 0.97465 0.766209
5 0.54713 0.49867 0.262117 0.997085 0.762899
4 0.535734 0.192135 0.200349 0.384271 0.714147
