5 0.605146 0.516797 0.266288 0.931317 0.850237
0 0.348412 0.25904 0.0832595 0.166571 0.742748
4 0.638205 0.267944 0.101512 0.305455 0.697913
2 0.537702 0.131441 0.100257 0.20885 0.627989
5 0.605146 0.516797 0.266288 0.931317 0.850237
0 0.348412 0.25904 0.0832595 0.166571 0.742748
4 0.638205 0.267944 0.101512 0.305455 0.697913
2 0.537702 0.131441 0.100257 0.20885 0.627989
5 0.605146 0.516797 0.266288 0.931317 0.850237
0 0.348412 0.25904 0.0832595 0.166571 0.742748
4 0.638205 0.267944 0.101512 0.305455 0.697913
2 0.537702 0.131441 0.100257 0.20885 0.627989
5 0.605146 0.516797 0.266288 0.931317 0.850237
0 0.348412 0.25904 0.0832595 0.166571 0.742748
4 0.638205 0.267944 0.101512 0.305455 0.697913
2 0.537702 0.131441 0.100257 0.20885 0.627989
