4 0.391265 0.417639 0.0753876 0.249296 0.795625
4 0.537529 0.190829 0.19402 0.381657 0.756965
5 0.319533 0.495152 0.221587 0.985925 0.747108
5 0.532147 0.498864 0.268929 0.997673 0.7401
4 0.391265 0.417639 0.0753876 0.249296 0.795625
4 0.537529 0.190829 0.19402 0.381657 0.756965
5 0.319533 0.495152 0.221587 0.985925 0.747108
5 0.532147 0.498864 0.268929 0.997673 0.7401
4 0.391265 0.417639 0.0753876 0.249296 0.795625
4 0.537529 0.190829 0.19402 0.381657 0.756965
5 0.319533 0.495152 0.221587 0.985925 0.747108
5 0.532147 0.498864 0.268929 0.997673 0.7401
4 0.391265 0.417639 0.0753876 0.249296 0.795625
4 0.537529 0.190829 0.19402 0.381657 0.756965
5 0.319533 0.495152 0.221587 0.985925 0.747108
5 0.532147 0.498864 0.268929 0.997673 0.7401
