5 0.507747 0.500304 0.378324 0.99912 0.895525
5 0.259785 0.475783 0.233815 0.762233 0.880694
0 0.328849 0.165149 0.0811203 0.108986 0.819185
4 0.24167 0.341639 0.12745 0.267547 0.80937
5 0.507747 0.500304 0.378324 0.99912 0.895525
5 0.259785 0.475783 0.233815 0.762233 0.880694
0 0.328849 0.165149 0.0811203 0.108986 0.819185
4 0.24167 0.341639 0.12745 0.267547 0.80937
5 0.507747 0.500304 0.378324 0.99912 0.895525
5 0.259785 0.475783 0.233815 0.762233 0.880694
0 0.328849 0.165149 0.0811203 0.108986 0.819185
4 0.24167 0.341639 0.12745 0.267547 0.80937
5 0.507747 0.500304 0.378324 0.99912 0.895525
5 0.259785 0.475783 0.233815 0.762233 0.880694
0 0.328849 0.165149 0.0811203 0.108986 0.819185
4 0.24167 0.341639 0.12745 0.267547 0.80937
