5 0.241311 0.481768 0.284433 0.742595 0.875019
4 0.209289 0.371425 0.145087 0.240078 0.858122
5 0.400089 0.5 0.307804 1 0.830789
4 0.437945 0.190375 0.189925 0.380751 0.730284
5 0.241311 0.481768 0.284433 0.742595 0.875019
4 0.209289 0.371425 0.145087 0.240078 0.858122
5 0.400089 0.5 0.307804 1 0.830789
4 0.437945 0.190375 0.189925 0.380751 0.730284
5 0.241311 0.481768 0.284433 0.742595 0.875019
4 0.209289 0.371425 0.145087 0.240078 0.858122
5 0.400089 0.5 0.307804 1 0.830789
4 0.437945 0.190375 0.189925 0.380751 0.730284
5 0.241311 0.481768 0.284433 0.742595 0.875019
4 0.209289 0.371425 0.145087 0.240078 0.858122
5 0.400089 0.5 0.307804 1 0.830789
4 0.437945 0.190375 0.189925 0.380751 0.730284
