5 0.613588 0.467537 0.228263 0.928182 0.906236
4 0.36276 0.296939 0.129773 0.311586 0.860667
5 0.347194 0.410822 0.272269 0.780533 0.849969
4 0.611678 0.22129 0.106202 0.297873 0.763072
2 0.319652 0.131912 0.0915013 0.164331 0.720966
0 0.560203 0.0378294 0.134132 0.0744776 0.714635
5 0.613588 0.467537 0.228263 0.928182 0.906236
4 0.36276 0.296939 0.129773 0.311586 0.860667
5 0.347194 0.410822 0.272269 0.780533 0.849969
4 0.611678 0.22129 0.106202 0.297873 0.763072
2 0.319652 0.131912 0.0915013 0.164331 0.720966
0 0.560203 0.0378294 0.134132 0.0744776 0.714635
5 0.613588 0.467537 0.228263 0.928182 0.906236
4 0.36276 0.296939 0.129773 0.311586 0.860667
5 0.347194 0.410822 0.272269 0.780533 0.849969
4 0.611678 0.22129 0.106202 0.297873 0.763072
2 0.319652 0.131912 0.0915013 0.164331 0.720966
0 0.560203 0.0378294 0.134132 0.0744776 0.714635
5 0.613588 0.467537 0.228263 0.928182 0.906236
4 0.36276 0.296939 0.129773 0.311586 0.860667
5 0.347194 0.410822 0.272269 0.780533 0.849969
4 0.611678 0.22129 0.106202 0.297873 0.763072
2 0.319652 0.131912 0.0915013 0.164331 0.720966
0 0.560203 0.0378294 0.134132 0.0744776 0.714635
