5 0.139718 0.264817 0.250511 0.526325 0.800655
3 0.159551 0.153575 0.0404599 0.0689551 0.764477
5 0.477606 0.504307 0.166165 0.987429 0.723376
0 0.155706 0.0483661 0.0778795 0.0837975 0.612717
5 0.139718 0.264817 0.250511 0.526325 0.800655
3 0.159551 0.153575 0.0404599 0.0689551 0.764477
5 0.477606 0.504307 0.166165 0.987429 0.723376
0 0.155706 0.0483661 0.0778795 0.0837975 0.612717
5 0.139718 0.264817 0.250511 0.526325 0.800655
3 0.159551 0.153575 0.0404599 0.0689551 0.764477
5 0.477606 0.504307 0.166165 0.987429 0.723376
0 0.155706 0.0483661 0.0778795 0.0837975 0.612717
5 0.139718 0.264817 0.250511 0.526325 0.800655
3 0.159551 0.153575 0.0404599 0.0689551 0.764477
5 0.477606 0.504307 0.166165 0.987429 0.723376
0 0.155706 0.0483661 0.0778795 0.0837975 0.612717
