5 0.55281 0.498705 0.303751 0.99741 0.879633
4 0.368731 0.391111 0.0791986 0.246786 0.803732
2 0.408077 0.196292 0.0793453 0.142408 0.781819
5 0.37227 0.452254 0.153807 0.669175 0.688771
5 0.341878 0.461599 0.205133 0.676858 0.604181
5 0.55281 0.498705 0.303751 0.99741 0.879633
4 0.368731 0.391111 0.0791986 0.246786 0.803732
2 0.408077 0.196292 0.0793453 0.142408 0.781819
5 0.37227 0.452254 0.153807 0.669175 0.688771
5 0.341878 0.461599 0.205133 0.676858 0.604181
5 0.55281 0.498705 0.303751 0.99741 0.879633
4 0.368731 0.391111 0.0791986 0.246786 0.803732
2 0.408077 0.196292 0.0793453 0.142408 0.781819
5 0.37227 0.452254 0.153807 0.669175 0.688771
5 0.341878 0.461599 0.205133 0.676858 0.604181
5 0.55281 0.498705 0.303751 0.99741 0.879633
4 0.368731 0.391111 0.0791986 0.246786 0.803732
2 0.408077 0.196292 0.0793453 0.142408 0.781819
5 0.37227 0.452254 0.153807 0.669175 0.688771
5 0.341878 0.461599 0.205133 0.676858 0.604181
