5 0.579905 0.498112 0.261735 0.996223 0.889155
5 0.364524 0.43294 0.181749 0.665285 0.848813
4 0.374378 0.397589 0.100368 0.243993 0.804948
4 0.613915 0.175454 0.17452 0.350908 0.787987
3 0.395546 0.276049 0.0430056 0.0624118 0.786555
0 0.39326 0.172567 0.0866566 0.117218 0.608587
5 0.579905 0.498112 0.261735 0.996223 0.889155
5 0.364524 0.43294 0.181749 0.665285 0.848813
4 0.374378 0.397589 0.100368 0.243993 0.804948
4 0.613915 0.175454 0.17452 0.350908 0.787987
3 0.395546 0.276049 0.0430056 0.0624118 0.786555
0 0.39326 0.172567 0.0866566 0.117218 0.608587
5 0.579905 0.498112 0.261735 0.996223 0.889155
5 0.364524 0.43294 0.181749 0.665285 0.848813
4 0.374378 0.397589 0.100368 0.243993 0.804948
4 0.613915 0.175454 0.17452 0.350908 0.787987
3 0.395546 0.276049 0.0430056 0.0624118 0.786555
0 0.39326 0.172567 0.0866566 0.117218 0.608587
5 0.579905 0.498112 0.261735 0.996223 0.889155
5 0.364524 0.43294 0.181749 0.665285 0.848813
4 0.374378 0.397589 0.100368 0.243993 0.804948
4 0.613915 0.175454 0.17452 0.350908 0.787987
3 0.395546 0.276049 0.0430056 0.0624118 0.786555
0 0.39326 0.172567 0.0866566 0.117218 0.608587
