5 0.583047 0.498193 0.258756 0.996278 0.897691
5 0.369322 0.437682 0.19886 0.646306 0.855144
3 0.39474 0.280381 0.0413503 0.06051 0.706781
4 0.368977 0.397597 0.0975227 0.234101 0.665883
0 0.395566 0.181032 0.0927885 0.123351 0.612684
5 0.583047 0.498193 0.258756 0.996278 0.897691
5 0.369322 0.437682 0.19886 0.646306 0.855144
3 0.39474 0.280381 0.0413503 0.06051 0.706781
4 0.368977 0.397597 0.0975227 0.234101 0.665883
0 0.395566 0.181032 0.0927885 0.123351 0.612684
5 0.583047 0.498193 0.258756 0.996278 0.897691
5 0.369322 0.437682 0.19886 0.646306 0.855144
3 0.39474 0.280381 0.0413503 0.06051 0.706781
4 0.368977 0.397597 0.0975227 0.234101 0.665883
0 0.395566 0.181032 0.0927885 0.123351 0.612684
5 0.583047 0.498193 0.258756 0.996278 0.897691
5 0.369322 0.437682 0.19886 0.646306 0.855144
3 0.39474 0.280381 0.0413503 0.06051 0.706781
4 0.368977 0.397597 0.0975227 0.234101 0.665883
0 0.395566 0.181032 0.0927885 0.123351 0.612684
