5 0.100931 0.278949 0.201703 0.557898 0.905173
5 0.680057 0.497083 0.460637 0.994165 0.87826
5 0.601287 0.499185 0.323117 0.998369 0.605571
5 0.100931 0.278949 0.201703 0.557898 0.905173
5 0.680057 0.497083 0.460637 0.994165 0.87826
5 0.601287 0.499185 0.323117 0.998369 0.605571
5 0.100931 0.278949 0.201703 0.557898 0.905173
5 0.680057 0.497083 0.460637 0.994165 0.87826
5 0.601287 0.499185 0.323117 0.998369 0.605571
5 0.100931 0.278949 0.201703 0.557898 0.905173
5 0.680057 0.497083 0.460637 0.994165 0.87826
5 0.601287 0.499185 0.323117 0.998369 0.605571
