5 0.303555 0.482183 0.279593 0.961011 0.89901
0 0.289597 0.0677108 0.0925913 0.132221 0.886213
4 0.32637 0.308177 0.141595 0.351185 0.880551
5 0.635197 0.491039 0.247433 0.978364 0.861834
3 0.302162 0.169123 0.0486369 0.05448 0.65148
5 0.303555 0.482183 0.279593 0.961011 0.89901
0 0.289597 0.0677108 0.0925913 0.132221 0.886213
4 0.32637 0.308177 0.141595 0.351185 0.880551
5 0.635197 0.491039 0.247433 0.978364 0.861834
3 0.302162 0.169123 0.0486369 0.05448 0.65148
5 0.303555 0.482183 0.279593 0.961011 0.89901
0 0.289597 0.0677108 0.0925913 0.132221 0.886213
4 0.32637 0.308177 0.141595 0.351185 0.880551
5 0.635197 0.491039 0.247433 0.978364 0.861834
3 0.302162 0.169123 0.0486369 0.05448 0.65148
5 0.303555 0.482183 0.279593 0.961011 0.89901
0 0.289597 0.0677108 0.0925913 0.132221 0.886213
4 0.32637 0.308177 0.141595 0.351185 0.880551
5 0.635197 0.491039 0.247433 0.978364 0.861834
3 0.302162 0.169123 0.0486369 0.05448 0.65148
