0 0.403658 0.0876327 0.0972289 0.144789 0.890709
5 0.235713 0.299431 0.282069 0.468627 0.849892
4 0.21082 0.374939 0.130614 0.276044 0.831832
0 0.271642 0.141862 0.0917547 0.125699 0.812633
3 0.262727 0.238467 0.0421824 0.0643608 0.690301
0 0.403658 0.0876327 0.0972289 0.144789 0.890709
5 0.235713 0.299431 0.282069 0.468627 0.849892
4 0.21082 0.374939 0.130614 0.276044 0.831832
0 0.271642 0.141862 0.0917547 0.125699 0.812633
3 0.262727 0.238467 0.0421824 0.0643608 0.690301
0 0.403658 0.0876327 0.0972289 0.144789 0.890709
5 0.235713 0.299431 0.282069 0.468627 0.849892
4 0.21082 0.374939 0.130614 0.276044 0.831832
0 0.271642 0.141862 0.0917547 0.125699 0.812633
3 0.262727 0.238467 0.0421824 0.0643608 0.690301
0 0.403658 0.0876327 0.0972289 0.144789 0.890709
5 0.235713 0.299431 0.282069 0.468627 0.849892
4 0.21082 0.374939 0.130614 0.276044 0.831832
0 0.271642 0.141862 0.0917547 0.125699 0.812633
3 0.262727 0.238467 0.0421824 0.0643608 0.690301
