4 0.0708055 0.14965 0.141611 0.2993 0.862072
5 0.379225 0.47502 0.171619 0.941556 0.822116
4 0.434524 0.348234 0.0567863 0.213103 0.646743
4 0.0708055 0.14965 0.141611 0.2993 0.862072
5 0.379225 0.47502 0.171619 0.941556 0.822116
4 0.434524 0.348234 0.0567863 0.213103 0.646743
4 0.0708055 0.14965 0.141611 0.2993 0.862072
5 0.379225 0.47502 0.171619 0.941556 0.822116
4 0.434524 0.348234 0.0567863 0.213103 0.646743
4 0.0708055 0.14965 0.141611 0.2993 0.862072
5 0.379225 0.47502 0.171619 0.941556 0.822116
4 0.434524 0.348234 0.0567863 0.213103 0.646743
