5 0.14944 0.263044 0.298749 0.485045 0.932301
0 0.162312 0.116598 0.0911743 0.119525 0.867581
5 0.868024 0.499827 0.260676 0.997799 0.850954
5 0.14944 0.263044 0.298749 0.485045 0.932301
0 0.162312 0.116598 0.0911743 0.119525 0.867581
5 0.868024 0.499827 0.260676 0.997799 0.850954
5 0.14944 0.263044 0.298749 0.485045 0.932301
0 0.162312 0.116598 0.0911743 0.119525 0.867581
5 0.868024 0.499827 0.260676 0.997799 0.850954
5 0.14944 0.263044 0.298749 0.485045 0.932301
0 0.162312 0.116598 0.0911743 0.119525 0.867581
5 0.868024 0.499827 0.260676 0.997799 0.850954
