5 0.150045 0.246281 0.299786 0.488661 0.93062
5 0.872987 0.498927 0.254027 0.995986 0.861114
0 0.180758 0.0881428 0.0948682 0.108372 0.700749
5 0.150045 0.246281 0.299786 0.488661 0.93062
5 0.872987 0.498927 0.254027 0.995986 0.861114
0 0.180758 0.0881428 0.0948682 0.108372 0.700749
5 0.150045 0.246281 0.299786 0.488661 0.93062
5 0.872987 0.498927 0.254027 0.995986 0.861114
0 0.180758 0.0881428 0.0948682 0.108372 0.700749
5 0.150045 0.246281 0.299786 0.488661 0.93062
5 0.872987 0.498927 0.254027 0.995986 0.861114
0 0.180758 0.0881428 0.0948682 0.108372 0.700749
