0 0.291131 0.0489546 0.100394 0.0979091 0.880308
5 0.635718 0.484897 0.237041 0.969793 0.876572
4 0.309796 0.312797 0.127224 0.361888 0.870318
5 0.308746 0.493426 0.234814 0.986852 0.855463
4 0.689673 0.247319 0.127564 0.414333 0.818651
3 0.29503 0.14826 0.0440111 0.0467652 0.693882
0 0.291131 0.0489546 0.100394 0.0979091 0.880308
5 0.635718 0.484897 0.237041 0.969793 0.876572
4 0.309796 0.312797 0.127224 0.361888 0.870318
5 0.308746 0.493426 0.234814 0.986852 0.855463
4 0.689673 0.247319 0.127564 0.414333 0.818651
3 0.29503 0.14826 0.0440111 0.0467652 0.693882
0 0.291131 0.0489546 0.100394 0.0979091 0.880308
5 0.635718 0.484897 0.237041 0.969793 0.876572
4 0.309796 0.312797 0.127224 0.361888 0.870318
5 0.308746 0.493426 0.234814 0.986852 0.855463
4 0.689673 0.247319 0.127564 0.414333 0.818651
3 0.29503 0.14826 0.0440111 0.0467652 0.693882
0 0.291131 0.0489546 0.100394 0.0979091 0.880308
5 0.635718 0.484897 0.237041 0.969793 0.876572
4 0.309796 0.312797 0.127224 0.361888 0.870318
5 0.308746 0.493426 0.234814 0.986852 0.855463
4 0.689673 0.247319 0.127564 0.414333 0.818651
3 0.29503 0.14826 0.0440111 0.0467652 0.693882
