5 0.565252 0.500037 0.279531 0.997981 0.866597
5 0.419195 0.269583 0.122502 0.511512 0.725895
4 0.426303 0.396555 0.0784095 0.188852 0.703337
5 0.565252 0.500037 0.279531 0.997981 0.866597
5 0.419195 0.269583 0.122502 0.511512 0.725895
4 0.426303 0.396555 0.0784095 0.188852 0.703337
5 0.565252 0.500037 0.279531 0.997981 0.866597
5 0.419195 0.269583 0.122502 0.511512 0.725895
4 0.426303 0.396555 0.0784095 0.188852 0.703337
5 0.565252 0.500037 0.279531 0.997981 0.866597
5 0.419195 0.269583 0.122502 0.511512 0.725895
4 0.426303 0.396555 0.0784095 0.188852 0.703337
