4 0.402327 0.319749 0.124833 0.31027 0.917018
5 0.59352 0.491732 0.210056 0.983464 0.881563
5 0.374596 0.526834 0.18172 0.89779 0.848474
4 0.590971 0.253228 0.112959 0.314138 0.802199
3 0.514902 0.0869071 0.0818308 0.173529 0.757735
4 0.402327 0.319749 0.124833 0.31027 0.917018
5 0.59352 0.491732 0.210056 0.983464 0.881563
5 0.374596 0.526834 0.18172 0.89779 0.848474
4 0.590971 0.253228 0.112959 0.314138 0.802199
3 0.514902 0.0869071 0.0818308 0.173529 0.757735
4 0.402327 0.319749 0.124833 0.31027 0.917018
5 0.59352 0.491732 0.210056 0.983464 0.881563
5 0.374596 0.526834 0.18172 0.89779 0.848474
4 0.590971 0.253228 0.112959 0.314138 0.802199
3 0.514902 0.0869071 0.0818308 0.173529 0.757735
4 0.402327 0.319749 0.124833 0.31027 0.917018
5 0.59352 0.491732 0.210056 0.983464 0.881563
5 0.374596 0.526834 0.18172 0.89779 0.848474
4 0.590971 0.253228 0.112959 0.314138 0.802199
3 0.514902 0.0869071 0.0818308 0.173529 0.757735
