5 0.115541 0.28293 0.231083 0.467463 0.923105
5 0.772703 0.498198 0.363115 0.99336 0.906127
4 0.772487 0.188356 0.241185 0.376711 0.897725
5 0.115541 0.28293 0.231083 0.467463 0.923105
5 0.772703 0.498198 0.363115 0.99336 0.906127
4 0.772487 0.188356 0.241185 0.376711 0.897725
5 0.115541 0.28293 0.231083 0.467463 0.923105
5 0.772703 0.498198 0.363115 0.99336 0.906127
4 0.772487 0.188356 0.241185 0.376711 0.897725
5 0.115541 0.28293 0.231083 0.467463 0.923105
5 0.772703 0.498198 0.363115 0.99336 0.906127
4 0.772487 0.188356 0.241185 0.376711 0.897725
