5 0.587604 0.5002 0.2634 0.996034 0.883028
4 0.589373 0.210339 0.173394 0.420522 0.841922
4 0.423764 0.161669 0.0617166 0.298163 0.721411
5 0.587604 0.5002 0.2634 0.996034 0.883028
4 0.589373 0.210339 0.173394 0.420522 0.841922
4 0.423764 0.161669 0.0617166 0.298163 0.721411
5 0.587604 0.5002 0.2634 0.996034 0.883028
4 0.589373 0.210339 0.173394 0.420522 0.841922
4 0.423764 0.161669 0.0617166 0.298163 0.721411
5 0.587604 0.5002 0.2634 0.996034 0.883028
4 0.589373 0.210339 0.173394 0.420522 0.841922
4 0.423764 0.161669 0.0617166 0.298163 0.721411
