5 0.2457 0.499391 0.310496 0.998781 0.866525
4 0.436886 0.394565 0.05239 0.285387 0.80001
5 0.415137 0.495272 0.0963861 0.987955 0.714513
5 0.2457 0.499391 0.310496 0.998781 0.866525
4 0.436886 0.394565 0.05239 0.285387 0.80001
5 0.415137 0.495272 0.0963861 0.987955 0.714513
5 0.2457 0.499391 0.310496 0.998781 0.866525
4 0.436886 0.394565 0.05239 0.285387 0.80001
5 0.415137 0.495272 0.0963861 0.987955 0.714513
5 0.2457 0.499391 0.310496 0.998781 0.866525
4 0.436886 0.394565 0.05239 0.285387 0.80001
5 0.415137 0.495272 0.0963861 0.987955 0.714513
