4 0.192506 0.205453 0.1842 0.410906 0.730205
5 0.133145 0.248416 0.265487 0.496831 0.705643
5 0.566871 0.475505 0.160756 0.943726 0.686777
5 0.52049 0.482537 0.255384 0.961803 0.673612
5 0.413836 0.406907 0.151479 0.813813 0.651639
5 0.0933058 0.252124 0.185682 0.504247 0.609814
4 0.192506 0.205453 0.1842 0.410906 0.730205
5 0.133145 0.248416 0.265487 0.496831 0.705643
5 0.566871 0.475505 0.160756 0.943726 0.686777
5 0.52049 0.482537 0.255384 0.961803 0.673612
5 0.413836 0.406907 0.151479 0.813813 0.651639
5 0.0933058 0.252124 0.185682 0.504247 0.609814
4 0.192506 0.205453 0.1842 0.410906 0.730205
5 0.133145 0.248416 0.265487 0.496831 0.705643
5 0.566871 0.475505 0.160756 0.943726 0.686777
5 0.52049 0.482537 0.255384 0.961803 0.673612
5 0.413836 0.406907 0.151479 0.813813 0.651639
5 0.0933058 0.252124 0.185682 0.504247 0.609814
4 0.192506 0.205453 0.1842 0.410906 0.730205
5 0.133145 0.248416 0.265487 0.496831 0.705643
5 0.566871 0.475505 0.160756 0.943726 0.686777
5 0.52049 0.482537 0.255384 0.961803 0.673612
5 0.413836 0.406907 0.151479 0.813813 0.651639
5 0.0933058 0.252124 0.185682 0.504247 0.609814
