5 0.163792 0.245057 0.325255 0.486611 0.934627
5 0.864816 0.499897 0.270369 0.997255 0.86077
0 0.212071 0.0791191 0.0880395 0.106085 0.67661
5 0.946889 0.698543 0.106223 0.599515 0.646188
5 0.163792 0.245057 0.325255 0.486611 0.934627
5 0.864816 0.499897 0.270369 0.997255 0.86077
0 0.212071 0.0791191 0.0880395 0.106085 0.67661
5 0.946889 0.698543 0.106223 0.599515 0.646188
5 0.163792 0.245057 0.325255 0.486611 0.934627
5 0.864816 0.499897 0.270369 0.997255 0.86077
0 0.212071 0.0791191 0.0880395 0.106085 0.67661
5 0.946889 0.698543 0.106223 0.599515 0.646188
5 0.163792 0.245057 0.325255 0.486611 0.934627
5 0.864816 0.499897 0.270369 0.997255 0.86077
0 0.212071 0.0791191 0.0880395 0.106085 0.67661
5 0.946889 0.698543 0.106223 0.599515 0.646188
