5 0.314103 0.499863 0.426553 0.996992 0.89408
4 0.188541 0.357746 0.135293 0.267221 0.861024
4 0.414758 0.183772 0.215035 0.367544 0.834396
5 0.20684 0.457668 0.209567 0.772616 0.73764
3 0.272568 0.27231 0.0269038 0.0557184 0.601099
5 0.314103 0.499863 0.426553 0.996992 0.89408
4 0.188541 0.357746 0.135293 0.267221 0.861024
4 0.414758 0.183772 0.215035 0.367544 0.834396
5 0.20684 0.457668 0.209567 0.772616 0.73764
3 0.272568 0.27231 0.0269038 0.0557184 0.601099
5 0.314103 0.499863 0.426553 0.996992 0.89408
4 0.188541 0.357746 0.135293 0.267221 0.861024
4 0.414758 0.183772 0.215035 0.367544 0.834396
5 0.20684 0.457668 0.209567 0.772616 0.73764
3 0.272568 0.27231 0.0269038 0.0557184 0.601099
5 0.314103 0.499863 0.426553 0.996992 0.89408
4 0.188541 0.357746 0.135293 0.267221 0.861024
4 0.414758 0.183772 0.215035 0.367544 0.834396
5 0.20684 0.457668 0.209567 0.772616 0.73764
3 0.272568 0.27231 0.0269038 0.0557184 0.601099
