5 0.12625 0.292846 0.252459 0.444084 0.932661
5 0.836511 0.500432 0.318146 0.999136 0.851928
0 0.148814 0.14542 0.102793 0.104857 0.769835
5 0.12625 0.292846 0.252459 0.444084 0.932661
5 0.836511 0.500432 0.318146 0.999136 0.851928
0 0.148814 0.14542 0.102793 0.104857 0.769835
5 0.12625 0.292846 0.252459 0.444084 0.932661
5 0.836511 0.500432 0.318146 0.999136 0.851928
0 0.148814 0.14542 0.102793 0.104857 0.769835
5 0.12625 0.292846 0.252459 0.444084 0.932661
5 0.836511 0.500432 0.318146 0.999136 0.851928
0 0.148814 0.14542 0.102793 0.104857 0.769835
