5 0.575963 0.498143 0.271201 0.996286 0.883792
5 0.360077 0.431022 0.178961 0.668993 0.85864
4 0.611884 0.177939 0.176454 0.355879 0.778789
3 0.395539 0.275957 0.0412096 0.0567949 0.77381
0 0.392623 0.168371 0.0879142 0.118334 0.616583
5 0.575963 0.498143 0.271201 0.996286 0.883792
5 0.360077 0.431022 0.178961 0.668993 0.85864
4 0.611884 0.177939 0.176454 0.355879 0.778789
3 0.395539 0.275957 0.0412096 0.0567949 0.77381
0 0.392623 0.168371 0.0879142 0.118334 0.616583
5 0.575963 0.498143 0.271201 0.996286 0.883792
5 0.360077 0.431022 0.178961 0.668993 0.85864
4 0.611884 0.177939 0.176454 0.355879 0.778789
3 0.395539 0.275957 0.0412096 0.0567949 0.77381
0 0.392623 0.168371 0.0879142 0.118334 0.616583
5 0.575963 0.498143 0.271201 0.996286 0.883792
5 0.360077 0.431022 0.178961 0.668993 0.85864
4 0.611884 0.177939 0.176454 0.355879 0.778789
3 0.395539 0.275957 0.0412096 0.0567949 0.77381
0 0.392623 0.168371 0.0879142 0.118334 0.616583
