5 0.594587 0.499474 0.278146 0.995634 0.893414
4 0.589636 0.195779 0.167987 0.390492 0.84706
4 0.422506 0.150256 0.0584225 0.282818 0.799549
5 0.594587 0.499474 0.278146 0.995634 0.893414
4 0.589636 0.195779 0.167987 0.390492 0.84706
4 0.422506 0.150256 0.0584225 0.282818 0.799549
5 0.594587 0.499474 0.278146 0.995634 0.893414
4 0.589636 0.195779 0.167987 0.390492 0.84706
4 0.422506 0.150256 0.0584225 0.282818 0.799549
5 0.594587 0.499474 0.278146 0.995634 0.893414
4 0.589636 0.195779 0.167987 0.390492 0.84706
4 0.422506 0.150256 0.0584225 0.282818 0.799549
