5 0.133832 0.288175 0.267513 0.438719 0.925775
5 0.846617 0.5 0.305537 1 0.905742
4 0.850069 0.177465 0.232436 0.35493 0.818852
0 0.156255 0.146479 0.0986626 0.111077 0.783828
3 0.153692 0.227194 0.0418258 0.0460965 0.697116
5 0.133832 0.288175 0.267513 0.438719 0.925775
5 0.846617 0.5 0.305537 1 0.905742
4 0.850069 0.177465 0.232436 0.35493 0.818852
0 0.156255 0.146479 0.0986626 0.111077 0.783828
3 0.153692 0.227194 0.0418258 0.0460965 0.697116
5 0.133832 0.288175 0.267513 0.438719 0.925775
5 0.846617 0.5 0.305537 1 0.905742
4 0.850069 0.177465 0.232436 0.35493 0.818852
0 0.156255 0.146479 0.0986626 0.111077 0.783828
3 0.153692 0.227194 0.0418258 0.0460965 0.697116
5 0.133832 0.288175 0.267513 0.438719 0.925775
5 0.846617 0.5 0.305537 1 0.905742
4 0.850069 0.177465 0.232436 0.35493 0.818852
0 0.156255 0.146479 0.0986626 0.111077 0.783828
3 0.153692 0.227194 0.0418258 0.0460965 0.697116
