5 0.792347 0.499628 0.384922 0.997725 0.918615
5 0.120671 0.283791 0.241168 0.465701 0.90218
4 0.785697 0.18036 0.248393 0.360719 0.879937
5 0.792347 0.499628 0.384922 0.997725 0.918615
5 0.120671 0.283791 0.241168 0.465701 0.90218
4 0.785697 0.18036 0.248393 0.360719 0.879937
5 0.792347 0.499628 0.384922 0.997725 0.918615
5 0.120671 0.283791 0.241168 0.465701 0.90218
4 0.785697 0.18036 0.248393 0.360719 0.879937
5 0.792347 0.499628 0.384922 0.997725 0.918615
5 0.120671 0.283791 0.241168 0.465701 0.90218
4 0.785697 0.18036 0.248393 0.360719 0.879937
