4 0.218292 0.211144 0.177532 0.422288 0.849185
5 0.570317 0.491876 0.174444 0.954676 0.801819
5 0.153689 0.240763 0.307377 0.47984 0.771337
4 0.567855 0.288903 0.0966675 0.319973 0.749991
5 0.153585 0.403237 0.307169 0.80351 0.610895
4 0.218292 0.211144 0.177532 0.422288 0.849185
5 0.570317 0.491876 0.174444 0.954676 0.801819
5 0.153689 0.240763 0.307377 0.47984 0.771337
4 0.567855 0.288903 0.0966675 0.319973 0.749991
5 0.153585 0.403237 0.307169 0.80351 0.610895
4 0.218292 0.211144 0.177532 0.422288 0.849185
5 0.570317 0.491876 0.174444 0.954676 0.801819
5 0.153689 0.240763 0.307377 0.47984 0.771337
4 0.567855 0.288903 0.0966675 0.319973 0.749991
5 0.153585 0.403237 0.307169 0.80351 0.610895
4 0.218292 0.211144 0.177532 0.422288 0.849185
5 0.570317 0.491876 0.174444 0.954676 0.801819
5 0.153689 0.240763 0.307377 0.47984 0.771337
4 0.567855 0.288903 0.0966675 0.319973 0.749991
5 0.153585 0.403237 0.307169 0.80351 0.610895
