5 0.318324 0.472314 0.247577 0.912954 0.898509
5 0.626452 0.468634 0.246944 0.934946 0.871275
4 0.346543 0.295421 0.133764 0.317482 0.833262
2 0.296612 0.0991504 0.0910098 0.161122 0.797976
4 0.661348 0.242481 0.123612 0.41572 0.653283
3 0.606575 0.0551473 0.0445213 0.0943306 0.647801
5 0.318324 0.472314 0.247577 0.912954 0.898509
5 0.626452 0.468634 0.246944 0.934946 0.871275
4 0.346543 0.295421 0.133764 0.317482 0.833262
2 0.296612 0.0991504 0.0910098 0.161122 0.797976
4 0.661348 0.242481 0.123612 0.41572 0.653283
3 0.606575 0.0551473 0.0445213 0.0943306 0.647801
5 0.318324 0.472314 0.247577 0.912954 0.898509
5 0.626452 0.468634 0.246944 0.934946 0.871275
4 0.346543 0.295421 0.133764 0.317482 0.833262
2 0.296612 0.0991504 0.0910098 0.161122 0.797976
4 0.661348 0.242481 0.123612 0.41572 0.653283
3 0.606575 0.0551473 0.0445213 0.0943306 0.647801
5 0.318324 0.472314 0.247577 0.912954 0.898509
5 0.626452 0.468634 0.246944 0.934946 0.871275
4 0.346543 0.295421 0.133764 0.317482 0.833262
2 0.296612 0.0991504 0.0910098 0.161122 0.797976
4 0.661348 0.242481 0.123612 0.41572 0.653283
3 0.606575 0.0551473 0.0445213 0.0943306 0.647801
