5 0.566236 0.495297 0.251972 0.990547 0.924016
5 0.397856 0.318551 0.153128 0.42009 0.868796
4 0.602518 0.176042 0.156638 0.352083 0.865695
2 0.410214 0.177571 0.0768122 0.116818 0.740003
3 0.409041 0.275651 0.0389221 0.0617565 0.711215
5 0.566236 0.495297 0.251972 0.990547 0.924016
5 0.397856 0.318551 0.153128 0.42009 0.868796
4 0.602518 0.176042 0.156638 0.352083 0.865695
2 0.410214 0.177571 0.0768122 0.116818 0.740003
3 0.409041 0.275651 0.0389221 0.0617565 0.711215
5 0.566236 0.495297 0.251972 0.990547 0.924016
5 0.397856 0.318551 0.153128 0.42009 0.868796
4 0.602518 0.176042 0.156638 0.352083 0.865695
2 0.410214 0.177571 0.0768122 0.116818 0.740003
3 0.409041 0.275651 0.0389221 0.0617565 0.711215
5 0.566236 0.495297 0.251972 0.990547 0.924016
5 0.397856 0.318551 0.153128 0.42009 0.868796
4 0.602518 0.176042 0.156638 0.352083 0.865695
2 0.410214 0.177571 0.0768122 0.116818 0.740003
3 0.409041 0.275651 0.0389221 0.0617565 0.711215
