5 0.0887103 0.266213 0.176724 0.530778 0.900565
4 0.428343 0.194852 0.184974 0.389704 0.853133
0 0.132353 0.0316588 0.0699884 0.0631528 0.852426
5 0.367557 0.500806 0.360271 0.998388 0.850196
5 0.358661 0.264243 0.350977 0.525862 0.791341
3 0.134484 0.121232 0.0400485 0.0769088 0.731422
5 0.0887103 0.266213 0.176724 0.530778 0.900565
4 0.428343 0.194852 0.184974 0.389704 0.853133
0 0.132353 0.0316588 0.0699884 0.0631528 0.852426
5 0.367557 0.500806 0.360271 0.998388 0.850196
5 0.358661 0.264243 0.350977 0.525862 0.791341
3 0.134484 0.121232 0.0400485 0.0769088 0.731422
5 0.0887103 0.266213 0.176724 0.530778 0.900565
4 0.428343 0.194852 0.184974 0.389704 0.853133
0 0.132353 0.0316588 0.0699884 0.0631528 0.852426
5 0.367557 0.500806 0.360271 0.998388 0.850196
5 0.358661 0.264243 0.350977 0.525862 0.791341
3 0.134484 0.121232 0.0400485 0.0769088 0.731422
5 0.0887103 0.266213 0.176724 0.530778 0.900565
4 0.428343 0.194852 0.184974 0.389704 0.853133
0 0.132353 0.0316588 0.0699884 0.0631528 0.852426
5 0.367557 0.500806 0.360271 0.998388 0.850196
5 0.358661 0.264243 0.350977 0.525862 0.791341
3 0.134484 0.121232 0.0400485 0.0769088 0.731422
