5 0.0982528 0.28986 0.196506 0.527559 0.908833
5 0.728869 0.498244 0.352667 0.992611 0.885917
4 0.721207 0.167835 0.24745 0.335671 0.885619
5 0.0982528 0.28986 0.196506 0.527559 0.908833
5 0.728869 0.498244 0.352667 0.992611 0.885917
4 0.721207 0.167835 0.24745 0.335671 0.885619
5 0.0982528 0.28986 0.196506 0.527559 0.908833
5 0.728869 0.498244 0.352667 0.992611 0.885917
4 0.721207 0.167835 0.24745 0.335671 0.885619
5 0.0982528 0.28986 0.196506 0.527559 0.908833
5 0.728869 0.498244 0.352667 0.992611 0.885917
4 0.721207 0.167835 0.24745 0.335671 0.885619
