5 0.606456 0.518787 0.269382 0.921812 0.862331
4 0.412172 0.34446 0.0949152 0.230537 0.797979
0 0.346718 0.254634 0.0809453 0.15886 0.674872
2 0.537995 0.124917 0.0930217 0.188643 0.606027
5 0.606456 0.518787 0.269382 0.921812 0.862331
4 0.412172 0.34446 0.0949152 0.230537 0.797979
0 0.346718 0.254634 0.0809453 0.15886 0.674872
2 0.537995 0.124917 0.0930217 0.188643 0.606027
5 0.606456 0.518787 0.269382 0.921812 0.862331
4 0.412172 0.34446 0.0949152 0.230537 0.797979
0 0.346718 0.254634 0.0809453 0.15886 0.674872
2 0.537995 0.124917 0.0930217 0.188643 0.606027
5 0.606456 0.518787 0.269382 0.921812 0.862331
4 0.412172 0.34446 0.0949152 0.230537 0.797979
0 0.346718 0.254634 0.0809453 0.15886 0.674872
2 0.537995 0.124917 0.0930217 0.188643 0.606027
