5 0.570562 0.498646 0.262342 0.997293 0.894333
5 0.358668 0.427535 0.184435 0.667442 0.874857
4 0.612516 0.179773 0.174965 0.359546 0.783491
3 0.392583 0.269078 0.0418033 0.0509356 0.652654
4 0.366641 0.389512 0.111596 0.225171 0.64016
5 0.570562 0.498646 0.262342 0.997293 0.894333
5 0.358668 0.427535 0.184435 0.667442 0.874857
4 0.612516 0.179773 0.174965 0.359546 0.783491
3 0.392583 0.269078 0.0418033 0.0509356 0.652654
4 0.366641 0.389512 0.111596 0.225171 0.64016
5 0.570562 0.498646 0.262342 0.997293 0.894333
5 0.358668 0.427535 0.184435 0.667442 0.874857
4 0.612516 0.179773 0.174965 0.359546 0.783491
3 0.392583 0.269078 0.0418033 0.0509356 0.652654
4 0.366641 0.389512 0.111596 0.225171 0.64016
5 0.570562 0.498646 0.262342 0.997293 0.894333
5 0.358668 0.427535 0.184435 0.667442 0.874857
4 0.612516 0.179773 0.174965 0.359546 0.783491
3 0.392583 0.269078 0.0418033 0.0509356 0.652654
4 0.366641 0.389512 0.111596 0.225171 0.64016
