5 0.562794 0.497057 0.242029 0.994114 0.931579
5 0.404677 0.324093 0.164549 0.40743 0.861076
2 0.433203 0.185573 0.0721496 0.114414 0.76756
3 0.438037 0.285473 0.0430134 0.061124 0.619526
5 0.562794 0.497057 0.242029 0.994114 0.931579
5 0.404677 0.324093 0.164549 0.40743 0.861076
2 0.433203 0.185573 0.0721496 0.114414 0.76756
3 0.438037 0.285473 0.0430134 0.061124 0.619526
5 0.562794 0.497057 0.242029 0.994114 0.931579
5 0.404677 0.324093 0.164549 0.40743 0.861076
2 0.433203 0.185573 0.0721496 0.114414 0.76756
3 0.438037 0.285473 0.0430134 0.061124 0.619526
5 0.562794 0.497057 0.242029 0.994114 0.931579
5 0.404677 0.324093 0.164549 0.40743 0.861076
2 0.433203 0.185573 0.0721496 0.114414 0.76756
3 0.438037 0.285473 0.0430134 0.061124 0.619526
