5 0.1002 0.265668 0.200106 0.528576 0.919602
4 0.425186 0.251497 0.191858 0.502804 0.766609
5 0.449862 0.494554 0.333288 0.987712 0.762137
5 0.1002 0.265668 0.200106 0.528576 0.919602
4 0.425186 0.251497 0.191858 0.502804 0.766609
5 0.449862 0.494554 0.333288 0.987712 0.762137
5 0.1002 0.265668 0.200106 0.528576 0.919602
4 0.425186 0.251497 0.191858 0.502804 0.766609
5 0.449862 0.494554 0.333288 0.987712 0.762137
5 0.1002 0.265668 0.200106 0.528576 0.919602
4 0.425186 0.251497 0.191858 0.502804 0.766609
5 0.449862 0.494554 0.333288 0.987712 0.762137
