5 0.0996028 0.264617 0.198947 0.526956 0.930372
5 0.563824 0.497949 0.50194 0.995898 0.885222
5 0.476144 0.499638 0.38198 0.999276 0.879228
5 0.0996028 0.264617 0.198947 0.526956 0.930372
5 0.563824 0.497949 0.50194 0.995898 0.885222
5 0.476144 0.499638 0.38198 0.999276 0.879228
5 0.0996028 0.264617 0.198947 0.526956 0.930372
5 0.563824 0.497949 0.50194 0.995898 0.885222
5 0.476144 0.499638 0.38198 0.999276 0.879228
5 0.0996028 0.264617 0.198947 0.526956 0.930372
5 0.563824 0.497949 0.50194 0.995898 0.885222
5 0.476144 0.499638 0.38198 0.999276 0.879228
