5 0.697318 0.500064 0.433169 0.999872 0.886156
5 0.361762 0.493793 0.200618 0.987587 0.730702
4 0.664031 0.176102 0.275061 0.352203 0.655578
5 0.697318 0.500064 0.433169 0.999872 0.886156
5 0.361762 0.493793 0.200618 0.987587 0.730702
4 0.664031 0.176102 0.275061 0.352203 0.655578
5 0.697318 0.500064 0.433169 0.999872 0.886156
5 0.361762 0.493793 0.200618 0.987587 0.730702
4 0.664031 0.176102 0.275061 0.352203 0.655578
5 0.697318 0.500064 0.433169 0.999872 0.886156
5 0.361762 0.493793 0.200618 0.987587 0.730702
4 0.664031 0.176102 0.275061 0.352203 0.655578
