4 0.42449 0.361418 0.0686922 0.251732 0.857001
5 0.614142 0.467273 0.262364 0.929588 0.856959
4 0.649827 0.275194 0.0936515 0.233951 0.797229
5 0.375303 0.5785 0.156277 0.804204 0.781071
0 0.356697 0.292371 0.0840544 0.168363 0.691404
4 0.42449 0.361418 0.0686922 0.251732 0.857001
5 0.614142 0.467273 0.262364 0.929588 0.856959
4 0.649827 0.275194 0.0936515 0.233951 0.797229
5 0.375303 0.5785 0.156277 0.804204 0.781071
0 0.356697 0.292371 0.0840544 0.168363 0.691404
4 0.42449 0.361418 0.0686922 0.251732 0.857001
5 0.614142 0.467273 0.262364 0.929588 0.856959
4 0.649827 0.275194 0.0936515 0.233951 0.797229
5 0.375303 0.5785 0.156277 0.804204 0.781071
0 0.356697 0.292371 0.0840544 0.168363 0.691404
4 0.42449 0.361418 0.0686922 0.251732 0.857001
5 0.614142 0.467273 0.262364 0.929588 0.856959
4 0.649827 0.275194 0.0936515 0.233951 0.797229
5 0.375303 0.5785 0.156277 0.804204 0.781071
0 0.356697 0.292371 0.0840544 0.168363 0.691404
