5 0.613701 0.500185 0.287174 0.998523 0.893754
5 0.415771 0.476336 0.113434 0.952672 0.779327
4 0.424513 0.342357 0.0831282 0.321287 0.703163
4 0.424219 0.269355 0.0839054 0.4723 0.607022
5 0.613701 0.500185 0.287174 0.998523 0.893754
5 0.415771 0.476336 0.113434 0.952672 0.779327
4 0.424513 0.342357 0.0831282 0.321287 0.703163
4 0.424219 0.269355 0.0839054 0.4723 0.607022
5 0.613701 0.500185 0.287174 0.998523 0.893754
5 0.415771 0.476336 0.113434 0.952672 0.779327
4 0.424513 0.342357 0.0831282 0.321287 0.703163
4 0.424219 0.269355 0.0839054 0.4723 0.607022
5 0.613701 0.500185 0.287174 0.998523 0.893754
5 0.415771 0.476336 0.113434 0.952672 0.779327
4 0.424513 0.342357 0.0831282 0.321287 0.703163
4 0.424219 0.269355 0.0839054 0.4723 0.607022
