5 0.347137 0.494378 0.42888 0.988756 0.819871
5 0.864152 0.689938 0.259994 0.620123 0.725122
4 0.320643 0.301788 0.168258 0.311748 0.711291
5 0.347137 0.494378 0.42888 0.988756 0.819871
5 0.864152 0.689938 0.259994 0.620123 0.725122
4 0.320643 0.301788 0.168258 0.311748 0.711291
5 0.347137 0.494378 0.42888 0.988756 0.819871
5 0.864152 0.689938 0.259994 0.620123 0.725122
4 0.320643 0.301788 0.168258 0.311748 0.711291
5 0.347137 0.494378 0.42888 0.988756 0.819871
5 0.864152 0.689938 0.259994 0.620123 0.725122
4 0.320643 0.301788 0.168258 0.311748 0.711291
