5 0.525445 0.498943 0.356726 0.997886 0.845203
2 0.408732 0.199797 0.083982 0.135496 0.752455
5 0.377208 0.525054 0.135601 0.804098 0.743734
4 0.368541 0.389707 0.077123 0.244294 0.736763
5 0.525445 0.498943 0.356726 0.997886 0.845203
2 0.408732 0.199797 0.083982 0.135496 0.752455
5 0.377208 0.525054 0.135601 0.804098 0.743734
4 0.368541 0.389707 0.077123 0.244294 0.736763
5 0.525445 0.498943 0.356726 0.997886 0.845203
2 0.408732 0.199797 0.083982 0.135496 0.752455
5 0.377208 0.525054 0.135601 0.804098 0.743734
4 0.368541 0.389707 0.077123 0.244294 0.736763
5 0.525445 0.498943 0.356726 0.997886 0.845203
2 0.408732 0.199797 0.083982 0.135496 0.752455
5 0.377208 0.525054 0.135601 0.804098 0.743734
4 0.368541 0.389707 0.077123 0.244294 0.736763
