5 0.381494 0.521509 0.189718 0.889322 0.844697
4 0.430256 0.335993 0.0695801 0.179763 0.701795
0 0.43757 0.152212 0.0586655 0.0829785 0.696469
5 0.381494 0.521509 0.189718 0.889322 0.844697
4 0.430256 0.335993 0.0695801 0.179763 0.701795
0 0.43757 0.152212 0.0586655 0.0829785 0.696469
5 0.381494 0.521509 0.189718 0.889322 0.844697
4 0.430256 0.335993 0.0695801 0.179763 0.701795
0 0.43757 0.152212 0.0586655 0.0829785 0.696469
5 0.381494 0.521509 0.189718 0.889322 0.844697
4 0.430256 0.335993 0.0695801 0.179763 0.701795
0 0.43757 0.152212 0.0586655 0.0829785 0.696469
