4 0.608639 0.194057 0.235113 0.388114 0.882341
0 0.378405 0.158179 0.0916227 0.105648 0.842946
5 0.617662 0.500082 0.344148 0.999622 0.817101
3 0.379846 0.21727 0.0399446 0.0499118 0.624975
4 0.608639 0.194057 0.235113 0.388114 0.882341
0 0.378405 0.158179 0.0916227 0.105648 0.842946
5 0.617662 0.500082 0.344148 0.999622 0.817101
3 0.379846 0.21727 0.0399446 0.0499118 0.624975
4 0.608639 0.194057 0.235113 0.388114 0.882341
0 0.378405 0.158179 0.0916227 0.105648 0.842946
5 0.617662 0.500082 0.344148 0.999622 0.817101
3 0.379846 0.21727 0.0399446 0.0499118 0.624975
4 0.608639 0.194057 0.235113 0.388114 0.882341
0 0.378405 0.158179 0.0916227 0.105648 0.842946
5 0.617662 0.500082 0.344148 0.999622 0.817101
3 0.379846 0.21727 0.0399446 0.0499118 0.624975
