5 0.250879 0.515447 0.284392 0.960961 0.86086
0 0.301458 0.122305 0.0603177 0.0842367 0.816771
4 0.219077 0.176182 0.163123 0.352363 0.794439
5 0.250879 0.515447 0.284392 0.960961 0.86086
0 0.301458 0.122305 0.0603177 0.0842367 0.816771
4 0.219077 0.176182 0.163123 0.352363 0.794439
5 0.250879 0.515447 0.284392 0.960961 0.86086
0 0.301458 0.122305 0.0603177 0.0842367 0.816771
4 0.219077 0.176182 0.163123 0.352363 0.794439
5 0.250879 0.515447 0.284392 0.960961 0.86086
0 0.301458 0.122305 0.0603177 0.0842367 0.816771
4 0.219077 0.176182 0.163123 0.352363 0.794439
