5 0.24574 0.498652 0.31065 0.996969 0.870707
5 0.414373 0.458169 0.0992206 0.90908 0.65089
4 0.439167 0.397677 0.0478558 0.289984 0.620314
5 0.24574 0.498652 0.31065 0.996969 0.870707
5 0.414373 0.458169 0.0992206 0.90908 0.65089
4 0.439167 0.397677 0.0478558 0.289984 0.620314
5 0.24574 0.498652 0.31065 0.996969 0.870707
5 0.414373 0.458169 0.0992206 0.90908 0.65089
4 0.439167 0.397677 0.0478558 0.289984 0.620314
5 0.24574 0.498652 0.31065 0.996969 0.870707
5 0.414373 0.458169 0.0992206 0.90908 0.65089
4 0.439167 0.397677 0.0478558 0.289984 0.620314
