5 0.716343 0.500049 0.440079 0.999902 0.854076
4 0.737266 0.162792 0.247117 0.325584 0.753193
5 0.771186 0.499991 0.30651 0.999983 0.675167
5 0.366328 0.744149 0.373032 0.511702 0.656524
5 0.716343 0.500049 0.440079 0.999902 0.854076
4 0.737266 0.162792 0.247117 0.325584 0.753193
5 0.771186 0.499991 0.30651 0.999983 0.675167
5 0.366328 0.744149 0.373032 0.511702 0.656524
5 0.716343 0.500049 0.440079 0.999902 0.854076
4 0.737266 0.162792 0.247117 0.325584 0.753193
5 0.771186 0.499991 0.30651 0.999983 0.675167
5 0.366328 0.744149 0.373032 0.511702 0.656524
5 0.716343 0.500049 0.440079 0.999902 0.854076
4 0.737266 0.162792 0.247117 0.325584 0.753193
5 0.771186 0.499991 0.30651 0.999983 0.675167
5 0.366328 0.744149 0.373032 0.511702 0.656524
