5 0.690762 0.498625 0.42081 0.997249 0.907731
4 0.665141 0.174691 0.283229 0.349382 0.796892
5 0.360523 0.487657 0.202768 0.975314 0.748288
5 0.690762 0.498625 0.42081 0.997249 0.907731
4 0.665141 0.174691 0.283229 0.349382 0.796892
5 0.360523 0.487657 0.202768 0.975314 0.748288
5 0.690762 0.498625 0.42081 0.997249 0.907731
4 0.665141 0.174691 0.283229 0.349382 0.796892
5 0.360523 0.487657 0.202768 0.975314 0.748288
5 0.690762 0.498625 0.42081 0.997249 0.907731
4 0.665141 0.174691 0.283229 0.349382 0.796892
5 0.360523 0.487657 0.202768 0.975314 0.748288
