5 0.381607 0.533637 0.168603 0.856935 0.838605
4 0.243249 0.11226 0.0841152 0.223957 0.831902
0 0.437006 0.16131 0.0540684 0.0890031 0.758225
4 0.428604 0.344377 0.0697652 0.189902 0.624069
5 0.381607 0.533637 0.168603 0.856935 0.838605
4 0.243249 0.11226 0.0841152 0.223957 0.831902
0 0.437006 0.16131 0.0540684 0.0890031 0.758225
4 0.428604 0.344377 0.0697652 0.189902 0.624069
5 0.381607 0.533637 0.168603 0.856935 0.838605
4 0.243249 0.11226 0.0841152 0.223957 0.831902
0 0.437006 0.16131 0.0540684 0.0890031 0.758225
4 0.428604 0.344377 0.0697652 0.189902 0.624069
5 0.381607 0.533637 0.168603 0.856935 0.838605
4 0.243249 0.11226 0.0841152 0.223957 0.831902
0 0.437006 0.16131 0.0540684 0.0890031 0.758225
4 0.428604 0.344377 0.0697652 0.189902 0.624069
