5 0.146624 0.271139 0.293224 0.480579 0.925159
5 0.863522 0.501189 0.271739 0.997623 0.891079
0 0.157913 0.125037 0.0961251 0.117903 0.805024
4 0.88705 0.185917 0.216334 0.371834 0.781467
3 0.155213 0.212546 0.0397286 0.052364 0.605591
5 0.146624 0.271139 0.293224 0.480579 0.925159
5 0.863522 0.501189 0.271739 0.997623 0.891079
0 0.157913 0.125037 0.0961251 0.117903 0.805024
4 0.88705 0.185917 0.216334 0.371834 0.781467
3 0.155213 0.212546 0.0397286 0.052364 0.605591
5 0.146624 0.271139 0.293224 0.480579 0.925159
5 0.863522 0.501189 0.271739 0.997623 0.891079
0 0.157913 0.125037 0.0961251 0.117903 0.805024
4 0.88705 0.185917 0.216334 0.371834 0.781467
3 0.155213 0.212546 0.0397286 0.052364 0.605591
5 0.146624 0.271139 0.293224 0.480579 0.925159
5 0.863522 0.501189 0.271739 0.997623 0.891079
0 0.157913 0.125037 0.0961251 0.117903 0.805024
4 0.88705 0.185917 0.216334 0.371834 0.781467
3 0.155213 0.212546 0.0397286 0.052364 0.605591
