0 0.284287 0.176466 0.0911846 0.133842 0.884882
0 0.427724 0.0737755 0.089692 0.145156 0.848142
5 0.247749 0.31606 0.316583 0.436153 0.820045
5 0.460924 0.252202 0.307937 0.500967 0.726585
4 0.212272 0.378178 0.141408 0.296357 0.708064
3 0.278422 0.266529 0.0401294 0.0635784 0.613916
0 0.284287 0.176466 0.0911846 0.133842 0.884882
0 0.427724 0.0737755 0.089692 0.145156 0.848142
5 0.247749 0.31606 0.316583 0.436153 0.820045
5 0.460924 0.252202 0.307937 0.500967 0.726585
4 0.212272 0.378178 0.141408 0.296357 0.708064
3 0.278422 0.266529 0.0401294 0.0635784 0.613916
0 0.284287 0.176466 0.0911846 0.133842 0.884882
0 0.427724 0.0737755 0.089692 0.145156 0.848142
5 0.247749 0.31606 0.316583 0.436153 0.820045
5 0.460924 0.252202 0.307937 0.500967 0.726585
4 0.212272 0.378178 0.141408 0.296357 0.708064
3 0.278422 0.266529 0.0401294 0.0635784 0.613916
0 0.284287 0.176466 0.0911846 0.133842 0.884882
0 0.427724 0.0737755 0.089692 0.145156 0.848142
5 0.247749 0.31606 0.316583 0.436153 0.820045
5 0.460924 0.252202 0.307937 0.500967 0.726585
4 0.212272 0.378178 0.141408 0.296357 0.708064
3 0.278422 0.266529 0.0401294 0.0635784 0.613916
