4 0.212741 0.207506 0.178925 0.414319 0.881868
5 0.151207 0.483249 0.301216 0.965624 0.687703
5 0.15069 0.262438 0.30138 0.522732 0.658213
4 0.212741 0.207506 0.178925 0.414319 0.881868
5 0.151207 0.483249 0.301216 0.965624 0.687703
5 0.15069 0.262438 0.30138 0.522732 0.658213
4 0.212741 0.207506 0.178925 0.414319 0.881868
5 0.151207 0.483249 0.301216 0.965624 0.687703
5 0.15069 0.262438 0.30138 0.522732 0.658213
4 0.212741 0.207506 0.178925 0.414319 0.881868
5 0.151207 0.483249 0.301216 0.965624 0.687703
5 0.15069 0.262438 0.30138 0.522732 0.658213
