4 0.310017 0.3084 0.127739 0.36021 0.896618
0 0.289769 0.0433748 0.101859 0.0867497 0.88605
5 0.623548 0.487467 0.251643 0.9742 0.88001
5 0.291349 0.496857 0.231778 0.993715 0.869361
4 0.681844 0.241453 0.130504 0.421284 0.850761
3 0.297046 0.133651 0.0505532 0.0501407 0.654795
4 0.310017 0.3084 0.127739 0.36021 0.896618
0 0.289769 0.0433748 0.101859 0.0867497 0.88605
5 0.623548 0.487467 0.251643 0.9742 0.88001
5 0.291349 0.496857 0.231778 0.993715 0.869361
4 0.681844 0.241453 0.130504 0.421284 0.850761
3 0.297046 0.133651 0.0505532 0.0501407 0.654795
4 0.310017 0.3084 0.127739 0.36021 0.896618
0 0.289769 0.0433748 0.101859 0.0867497 0.88605
5 0.623548 0.487467 0.251643 0.9742 0.88001
5 0.291349 0.496857 0.231778 0.993715 0.869361
4 0.681844 0.241453 0.130504 0.421284 0.850761
3 0.297046 0.133651 0.0505532 0.0501407 0.654795
4 0.310017 0.3084 0.127739 0.36021 0.896618
0 0.289769 0.0433748 0.101859 0.0867497 0.88605
5 0.623548 0.487467 0.251643 0.9742 0.88001
5 0.291349 0.496857 0.231778 0.993715 0.869361
4 0.681844 0.241453 0.130504 0.421284 0.850761
3 0.297046 0.133651 0.0505532 0.0501407 0.654795
