5 0.883624 0.499944 0.232751 0.999887 0.906342
2 0.599327 0.123541 0.0910019 0.122296 0.818127
5 0.431799 0.498499 0.549281 0.996998 0.792805
4 0.952465 0.277182 0.0950692 0.388081 0.777728
5 0.883624 0.499944 0.232751 0.999887 0.906342
2 0.599327 0.123541 0.0910019 0.122296 0.818127
5 0.431799 0.498499 0.549281 0.996998 0.792805
4 0.952465 0.277182 0.0950692 0.388081 0.777728
5 0.883624 0.499944 0.232751 0.999887 0.906342
2 0.599327 0.123541 0.0910019 0.122296 0.818127
5 0.431799 0.498499 0.549281 0.996998 0.792805
4 0.952465 0.277182 0.0950692 0.388081 0.777728
5 0.883624 0.499944 0.232751 0.999887 0.906342
2 0.599327 0.123541 0.0910019 0.122296 0.818127
5 0.431799 0.498499 0.549281 0.996998 0.792805
4 0.952465 0.277182 0.0950692 0.388081 0.777728
