5 0.226397 0.498766 0.443307 0.997162 0.883895
4 0.435936 0.398537 0.0546253 0.276309 0.73514
5 0.407009 0.289038 0.117107 0.565339 0.694412
5 0.226397 0.498766 0.443307 0.997162 0.883895
4 0.435936 0.398537 0.0546253 0.276309 0.73514
5 0.407009 0.289038 0.117107 0.565339 0.694412
5 0.226397 0.498766 0.443307 0.997162 0.883895
4 0.435936 0.398537 0.0546253 0.276309 0.73514
5 0.407009 0.289038 0.117107 0.565339 0.694412
5 0.226397 0.498766 0.443307 0.997162 0.883895
4 0.435936 0.398537 0.0546253 0.276309 0.73514
5 0.407009 0.289038 0.117107 0.565339 0.694412
