5 0.370248 0.541276 0.192121 0.891754 0.850018
5 0.120233 0.253941 0.240466 0.50701 0.776924
4 0.43094 0.34519 0.0647394 0.189272 0.676679
3 0.450824 0.248964 0.0265057 0.0633562 0.643633
0 0.437761 0.166507 0.050364 0.0834819 0.613756
5 0.370248 0.541276 0.192121 0.891754 0.850018
5 0.120233 0.253941 0.240466 0.50701 0.776924
4 0.43094 0.34519 0.0647394 0.189272 0.676679
3 0.450824 0.248964 0.0265057 0.0633562 0.643633
0 0.437761 0.166507 0.050364 0.0834819 0.613756
5 0.370248 0.541276 0.192121 0.891754 0.850018
5 0.120233 0.253941 0.240466 0.50701 0.776924
4 0.43094 0.34519 0.0647394 0.189272 0.676679
3 0.450824 0.248964 0.0265057 0.0633562 0.643633
0 0.437761 0.166507 0.050364 0.0834819 0.613756
5 0.370248 0.541276 0.192121 0.891754 0.850018
5 0.120233 0.253941 0.240466 0.50701 0.776924
4 0.43094 0.34519 0.0647394 0.189272 0.676679
3 0.450824 0.248964 0.0265057 0.0633562 0.643633
0 0.437761 0.166507 0.050364 0.0834819 0.613756
