0 0.424869 0.0723351 0.0943614 0.139441 0.89394
0 0.282303 0.173703 0.0946861 0.136779 0.87996
5 0.243757 0.312915 0.319424 0.441036 0.858337
4 0.206986 0.3802 0.130455 0.293913 0.737136
3 0.273332 0.26028 0.0438056 0.0676114 0.675433
0 0.424869 0.0723351 0.0943614 0.139441 0.89394
0 0.282303 0.173703 0.0946861 0.136779 0.87996
5 0.243757 0.312915 0.319424 0.441036 0.858337
4 0.206986 0.3802 0.130455 0.293913 0.737136
3 0.273332 0.26028 0.0438056 0.0676114 0.675433
0 0.424869 0.0723351 0.0943614 0.139441 0.89394
0 0.282303 0.173703 0.0946861 0.136779 0.87996
5 0.243757 0.312915 0.319424 0.441036 0.858337
4 0.206986 0.3802 0.130455 0.293913 0.737136
3 0.273332 0.26028 0.0438056 0.0676114 0.675433
0 0.424869 0.0723351 0.0943614 0.139441 0.89394
0 0.282303 0.173703 0.0946861 0.136779 0.87996
5 0.243757 0.312915 0.319424 0.441036 0.858337
4 0.206986 0.3802 0.130455 0.293913 0.737136
3 0.273332 0.26028 0.0438056 0.0676114 0.675433
