0 0.313433 0.201887 0.0930348 0.132029 0.884728
0 0.457868 0.0599023 0.102055 0.11578 0.832123
4 0.23131 0.389761 0.14855 0.28873 0.745697
5 0.263093 0.327377 0.340377 0.424428 0.739394
3 0.311533 0.292533 0.0372936 0.0651984 0.658272
0 0.313433 0.201887 0.0930348 0.132029 0.884728
0 0.457868 0.0599023 0.102055 0.11578 0.832123
4 0.23131 0.389761 0.14855 0.28873 0.745697
5 0.263093 0.327377 0.340377 0.424428 0.739394
3 0.311533 0.292533 0.0372936 0.0651984 0.658272
0 0.313433 0.201887 0.0930348 0.132029 0.884728
0 0.457868 0.0599023 0.102055 0.11578 0.832123
4 0.23131 0.389761 0.14855 0.28873 0.745697
5 0.263093 0.327377 0.340377 0.424428 0.739394
3 0.311533 0.292533 0.0372936 0.0651984 0.658272
0 0.313433 0.201887 0.0930348 0.132029 0.884728
0 0.457868 0.0599023 0.102055 0.11578 0.832123
4 0.23131 0.389761 0.14855 0.28873 0.745697
5 0.263093 0.327377 0.340377 0.424428 0.739394
3 0.311533 0.292533 0.0372936 0.0651984 0.658272
