5 0.553735 0.499812 0.281948 0.99683 0.879396
5 0.413964 0.269162 0.115878 0.498404 0.740265
4 0.429652 0.379686 0.0702259 0.186127 0.675041
5 0.553735 0.499812 0.281948 0.99683 0.879396
5 0.413964 0.269162 0.115878 0.498404 0.740265
4 0.429652 0.379686 0.0702259 0.186127 0.675041
5 0.553735 0.499812 0.281948 0.99683 0.879396
5 0.413964 0.269162 0.115878 0.498404 0.740265
4 0.429652 0.379686 0.0702259 0.186127 0.675041
5 0.553735 0.499812 0.281948 0.99683 0.879396
5 0.413964 0.269162 0.115878 0.498404 0.740265
4 0.429652 0.379686 0.0702259 0.186127 0.675041
