5 0.320307 0.46449 0.157973 0.842018 0.873739
4 0.331374 0.324995 0.108768 0.318293 0.868433
4 0.191542 0.177698 0.151338 0.355397 0.80915
5 0.206597 0.499322 0.155145 0.998643 0.795583
0 0.328879 0.098118 0.0752245 0.0887097 0.773718
5 0.320307 0.46449 0.157973 0.842018 0.873739
4 0.331374 0.324995 0.108768 0.318293 0.868433
4 0.191542 0.177698 0.151338 0.355397 0.80915
5 0.206597 0.499322 0.155145 0.998643 0.795583
0 0.328879 0.098118 0.0752245 0.0887097 0.773718
5 0.320307 0.46449 0.157973 0.842018 0.873739
4 0.331374 0.324995 0.108768 0.318293 0.868433
4 0.191542 0.177698 0.151338 0.355397 0.80915
5 0.206597 0.499322 0.155145 0.998643 0.795583
0 0.328879 0.098118 0.0752245 0.0887097 0.773718
5 0.320307 0.46449 0.157973 0.842018 0.873739
4 0.331374 0.324995 0.108768 0.318293 0.868433
4 0.191542 0.177698 0.151338 0.355397 0.80915
5 0.206597 0.499322 0.155145 0.998643 0.795583
0 0.328879 0.098118 0.0752245 0.0887097 0.773718
