5 0.546244 0.499979 0.250307 0.997983 0.8896
4 0.535263 0.196668 0.202876 0.393335 0.851003
4 0.382502 0.410181 0.0858189 0.238661 0.65072
5 0.546244 0.499979 0.250307 0.997983 0.8896
4 0.535263 0.196668 0.202876 0.393335 0.851003
4 0.382502 0.410181 0.0858189 0.238661 0.65072
5 0.546244 0.499979 0.250307 0.997983 0.8896
4 0.535263 0.196668 0.202876 0.393335 0.851003
4 0.382502 0.410181 0.0858189 0.238661 0.65072
5 0.546244 0.499979 0.250307 0.997983 0.8896
4 0.535263 0.196668 0.202876 0.393335 0.851003
4 0.382502 0.410181 0.0858189 0.238661 0.65072
