5 0.609566 0.500425 0.302964 0.998968 0.876756
4 0.59904 0.177564 0.159534 0.354709 0.820127
5 0.420829 0.259065 0.0964113 0.51505 0.731903
5 0.609566 0.500425 0.302964 0.998968 0.876756
4 0.59904 0.177564 0.159534 0.354709 0.820127
5 0.420829 0.259065 0.0964113 0.51505 0.731903
5 0.609566 0.500425 0.302964 0.998968 0.876756
4 0.59904 0.177564 0.159534 0.354709 0.820127
5 0.420829 0.259065 0.0964113 0.51505 0.731903
5 0.609566 0.500425 0.302964 0.998968 0.876756
4 0.59904 0.177564 0.159534 0.354709 0.820127
5 0.420829 0.259065 0.0964113 0.51505 0.731903
