5 0.378153 0.540536 0.157235 0.807019 0.8135
5 0.499191 0.499956 0.413535 0.999912 0.761476
4 0.55119 0.1942 0.213885 0.388401 0.694139
2 0.420585 0.219074 0.0699142 0.139937 0.646981
5 0.378153 0.540536 0.157235 0.807019 0.8135
5 0.499191 0.499956 0.413535 0.999912 0.761476
4 0.55119 0.1942 0.213885 0.388401 0.694139
2 0.420585 0.219074 0.0699142 0.139937 0.646981
5 0.378153 0.540536 0.157235 0.807019 0.8135
5 0.499191 0.499956 0.413535 0.999912 0.761476
4 0.55119 0.1942 0.213885 0.388401 0.694139
2 0.420585 0.219074 0.0699142 0.139937 0.646981
5 0.378153 0.540536 0.157235 0.807019 0.8135
5 0.499191 0.499956 0.413535 0.999912 0.761476
4 0.55119 0.1942 0.213885 0.388401 0.694139
2 0.420585 0.219074 0.0699142 0.139937 0.646981
