5 0.201373 0.466563 0.285432 0.931412 0.805049
5 0.200575 0.235838 0.286943 0.470296 0.785463
4 0.254857 0.175172 0.15152 0.350343 0.741808
5 0.257425 0.500519 0.410519 0.997882 0.728081
5 0.201373 0.466563 0.285432 0.931412 0.805049
5 0.200575 0.235838 0.286943 0.470296 0.785463
4 0.254857 0.175172 0.15152 0.350343 0.741808
5 0.257425 0.500519 0.410519 0.997882 0.728081
5 0.201373 0.466563 0.285432 0.931412 0.805049
5 0.200575 0.235838 0.286943 0.470296 0.785463
4 0.254857 0.175172 0.15152 0.350343 0.741808
5 0.257425 0.500519 0.410519 0.997882 0.728081
5 0.201373 0.466563 0.285432 0.931412 0.805049
5 0.200575 0.235838 0.286943 0.470296 0.785463
4 0.254857 0.175172 0.15152 0.350343 0.741808
5 0.257425 0.500519 0.410519 0.997882 0.728081
