5 0.604479 0.499965 0.296018 0.995166 0.886077
4 0.589659 0.201979 0.171557 0.402627 0.876988
4 0.424033 0.159909 0.059656 0.295569 0.648998
5 0.604479 0.499965 0.296018 0.995166 0.886077
4 0.589659 0.201979 0.171557 0.402627 0.876988
4 0.424033 0.159909 0.059656 0.295569 0.648998
5 0.604479 0.499965 0.296018 0.995166 0.886077
4 0.589659 0.201979 0.171557 0.402627 0.876988
4 0.424033 0.159909 0.059656 0.295569 0.648998
5 0.604479 0.499965 0.296018 0.995166 0.886077
4 0.589659 0.201979 0.171557 0.402627 0.876988
4 0.424033 0.159909 0.059656 0.295569 0.648998
