5 0.606598 0.499748 0.297246 0.994711 0.885497
4 0.589497 0.201337 0.16819 0.401785 0.873214
4 0.422748 0.153537 0.0561229 0.282672 0.714592
5 0.606598 0.499748 0.297246 0.994711 0.885497
4 0.589497 0.201337 0.16819 0.401785 0.873214
4 0.422748 0.153537 0.0561229 0.282672 0.714592
5 0.606598 0.499748 0.297246 0.994711 0.885497
4 0.589497 0.201337 0.16819 0.401785 0.873214
4 0.422748 0.153537 0.0561229 0.282672 0.714592
5 0.606598 0.499748 0.297246 0.994711 0.885497
4 0.589497 0.201337 0.16819 0.401785 0.873214
4 0.422748 0.153537 0.0561229 0.282672 0.714592
