4 0.43026 0.188155 0.179785 0.37631 0.893367
4 0.201182 0.368897 0.150481 0.243961 0.886771
5 0.229216 0.459699 0.246637 0.777832 0.876745
5 0.422017 0.499746 0.271106 0.999492 0.832888
4 0.43026 0.188155 0.179785 0.37631 0.893367
4 0.201182 0.368897 0.150481 0.243961 0.886771
5 0.229216 0.459699 0.246637 0.777832 0.876745
5 0.422017 0.499746 0.271106 0.999492 0.832888
4 0.43026 0.188155 0.179785 0.37631 0.893367
4 0.201182 0.368897 0.150481 0.243961 0.886771
5 0.229216 0.459699 0.246637 0.777832 0.876745
5 0.422017 0.499746 0.271106 0.999492 0.832888
4 0.43026 0.188155 0.179785 0.37631 0.893367
4 0.201182 0.368897 0.150481 0.243961 0.886771
5 0.229216 0.459699 0.246637 0.777832 0.876745
5 0.422017 0.499746 0.271106 0.999492 0.832888
