5 0.563764 0.496772 0.248608 0.992894 0.927217
4 0.598753 0.176022 0.159002 0.352045 0.835721
2 0.402282 0.166673 0.0770705 0.115093 0.740659
5 0.37563 0.33674 0.15776 0.474848 0.717034
4 0.398014 0.343427 0.0817029 0.181812 0.680374
3 0.401622 0.262814 0.045466 0.0615993 0.654563
5 0.563764 0.496772 0.248608 0.992894 0.927217
4 0.598753 0.176022 0.159002 0.352045 0.835721
2 0.402282 0.166673 0.0770705 0.115093 0.740659
5 0.37563 0.33674 0.15776 0.474848 0.717034
4 0.398014 0.343427 0.0817029 0.181812 0.680374
3 0.401622 0.262814 0.045466 0.0615993 0.654563
5 0.563764 0.496772 0.248608 0.992894 0.927217
4 0.598753 0.176022 0.159002 0.352045 0.835721
2 0.402282 0.166673 0.0770705 0.115093 0.740659
5 0.37563 0.33674 0.15776 0.474848 0.717034
4 0.398014 0.343427 0.0817029 0.181812 0.680374
3 0.401622 0.262814 0.045466 0.0615993 0.654563
5 0.563764 0.496772 0.248608 0.992894 0.927217
4 0.598753 0.176022 0.159002 0.352045 0.835721
2 0.402282 0.166673 0.0770705 0.115093 0.740659
5 0.37563 0.33674 0.15776 0.474848 0.717034
4 0.398014 0.343427 0.0817029 0.181812 0.680374
3 0.401622 0.262814 0.045466 0.0615993 0.654563
