5 0.494156 0.497415 0.238591 0.99483 0.911909
5 0.235042 0.502145 0.281318 0.708062 0.91074
4 0.204208 0.365313 0.152132 0.250558 0.869921
5 0.494156 0.497415 0.238591 0.99483 0.911909
5 0.235042 0.502145 0.281318 0.708062 0.91074
4 0.204208 0.365313 0.152132 0.250558 0.869921
5 0.494156 0.497415 0.238591 0.99483 0.911909
5 0.235042 0.502145 0.281318 0.708062 0.91074
4 0.204208 0.365313 0.152132 0.250558 0.869921
5 0.494156 0.497415 0.238591 0.99483 0.911909
5 0.235042 0.502145 0.281318 0.708062 0.91074
4 0.204208 0.365313 0.152132 0.250558 0.869921
