5 0.618354 0.474307 0.237878 0.84002 0.869836
4 0.419941 0.364952 0.0905224 0.24058 0.86571
4 0.636099 0.285858 0.09846 0.240722 0.792579
5 0.38436 0.545167 0.164392 0.698394 0.791169
5 0.618354 0.474307 0.237878 0.84002 0.869836
4 0.419941 0.364952 0.0905224 0.24058 0.86571
4 0.636099 0.285858 0.09846 0.240722 0.792579
5 0.38436 0.545167 0.164392 0.698394 0.791169
5 0.618354 0.474307 0.237878 0.84002 0.869836
4 0.419941 0.364952 0.0905224 0.24058 0.86571
4 0.636099 0.285858 0.09846 0.240722 0.792579
5 0.38436 0.545167 0.164392 0.698394 0.791169
5 0.618354 0.474307 0.237878 0.84002 0.869836
4 0.419941 0.364952 0.0905224 0.24058 0.86571
4 0.636099 0.285858 0.09846 0.240722 0.792579
5 0.38436 0.545167 0.164392 0.698394 0.791169
