5 0.147152 0.246342 0.293952 0.488848 0.954562
5 0.873572 0.498418 0.252681 0.993989 0.893885
0 0.189712 0.0831996 0.0903831 0.102197 0.800444
4 0.919985 0.191148 0.151912 0.382295 0.750635
5 0.147152 0.246342 0.293952 0.488848 0.954562
5 0.873572 0.498418 0.252681 0.993989 0.893885
0 0.189712 0.0831996 0.0903831 0.102197 0.800444
4 0.919985 0.191148 0.151912 0.382295 0.750635
5 0.147152 0.246342 0.293952 0.488848 0.954562
5 0.873572 0.498418 0.252681 0.993989 0.893885
0 0.189712 0.0831996 0.0903831 0.102197 0.800444
4 0.919985 0.191148 0.151912 0.382295 0.750635
5 0.147152 0.246342 0.293952 0.488848 0.954562
5 0.873572 0.498418 0.252681 0.993989 0.893885
0 0.189712 0.0831996 0.0903831 0.102197 0.800444
4 0.919985 0.191148 0.151912 0.382295 0.750635
