5 0.618808 0.474491 0.270728 0.94673 0.829136
4 0.568605 0.176135 0.103907 0.352269 0.827886
5 0.386327 0.533547 0.138575 0.70734 0.803338
4 0.417326 0.347273 0.0772985 0.267649 0.725583
4 0.667513 0.273297 0.0829148 0.252563 0.69744
5 0.618808 0.474491 0.270728 0.94673 0.829136
4 0.568605 0.176135 0.103907 0.352269 0.827886
5 0.386327 0.533547 0.138575 0.70734 0.803338
4 0.417326 0.347273 0.0772985 0.267649 0.725583
4 0.667513 0.273297 0.0829148 0.252563 0.69744
5 0.618808 0.474491 0.270728 0.94673 0.829136
4 0.568605 0.176135 0.103907 0.352269 0.827886
5 0.386327 0.533547 0.138575 0.70734 0.803338
4 0.417326 0.347273 0.0772985 0.267649 0.725583
4 0.667513 0.273297 0.0829148 0.252563 0.69744
5 0.618808 0.474491 0.270728 0.94673 0.829136
4 0.568605 0.176135 0.103907 0.352269 0.827886
5 0.386327 0.533547 0.138575 0.70734 0.803338
4 0.417326 0.347273 0.0772985 0.267649 0.725583
4 0.667513 0.273297 0.0829148 0.252563 0.69744
