5 0.163536 0.5 0.32273 1 0.880967
5 0.366988 0.426092 0.196669 0.852183 0.878618
4 0.160439 0.18772 0.199768 0.375439 0.663295
5 0.163536 0.5 0.32273 1 0.880967
5 0.366988 0.426092 0.196669 0.852183 0.878618
4 0.160439 0.18772 0.199768 0.375439 0.663295
5 0.163536 0.5 0.32273 1 0.880967
5 0.366988 0.426092 0.196669 0.852183 0.878618
4 0.160439 0.18772 0.199768 0.375439 0.663295
5 0.163536 0.5 0.32273 1 0.880967
5 0.366988 0.426092 0.196669 0.852183 0.878618
4 0.160439 0.18772 0.199768 0.375439 0.663295
