4 0.161173 0.17876 0.187628 0.357521 0.853594
5 0.382001 0.451891 0.16682 0.780516 0.847444
0 0.407624 0.114487 0.0730112 0.0901229 0.838624
4 0.423312 0.326942 0.0805109 0.28643 0.789633
5 0.415681 0.459541 0.104793 0.791724 0.721873
5 0.14426 0.224036 0.28852 0.447567 0.70927
4 0.161173 0.17876 0.187628 0.357521 0.853594
5 0.382001 0.451891 0.16682 0.780516 0.847444
0 0.407624 0.114487 0.0730112 0.0901229 0.838624
4 0.423312 0.326942 0.0805109 0.28643 0.789633
5 0.415681 0.459541 0.104793 0.791724 0.721873
5 0.14426 0.224036 0.28852 0.447567 0.70927
4 0.161173 0.17876 0.187628 0.357521 0.853594
5 0.382001 0.451891 0.16682 0.780516 0.847444
0 0.407624 0.114487 0.0730112 0.0901229 0.838624
4 0.423312 0.326942 0.0805109 0.28643 0.789633
5 0.415681 0.459541 0.104793 0.791724 0.721873
5 0.14426 0.224036 0.28852 0.447567 0.70927
4 0.161173 0.17876 0.187628 0.357521 0.853594
5 0.382001 0.451891 0.16682 0.780516 0.847444
0 0.407624 0.114487 0.0730112 0.0901229 0.838624
4 0.423312 0.326942 0.0805109 0.28643 0.789633
5 0.415681 0.459541 0.104793 0.791724 0.721873
5 0.14426 0.224036 0.28852 0.447567 0.70927
