4 0.229205 0.343315 0.118181 0.247625 0.895659
5 0.485274 0.499789 0.408918 0.998692 0.877222
5 0.246536 0.491335 0.2498 0.711739 0.871666
4 0.229205 0.343315 0.118181 0.247625 0.895659
5 0.485274 0.499789 0.408918 0.998692 0.877222
5 0.246536 0.491335 0.2498 0.711739 0.871666
4 0.229205 0.343315 0.118181 0.247625 0.895659
5 0.485274 0.499789 0.408918 0.998692 0.877222
5 0.246536 0.491335 0.2498 0.711739 0.871666
4 0.229205 0.343315 0.118181 0.247625 0.895659
5 0.485274 0.499789 0.408918 0.998692 0.877222
5 0.246536 0.491335 0.2498 0.711739 0.871666
