0 0.359796 0.0674224 0.0862799 0.096435 0.84363
4 0.268198 0.300693 0.188379 0.377117 0.790006
5 0.733651 0.50089 0.52447 0.99822 0.77652
5 0.730362 0.267642 0.500983 0.531986 0.69746
5 0.31514 0.245894 0.331618 0.491087 0.633181
0 0.359796 0.0674224 0.0862799 0.096435 0.84363
4 0.268198 0.300693 0.188379 0.377117 0.790006
5 0.733651 0.50089 0.52447 0.99822 0.77652
5 0.730362 0.267642 0.500983 0.531986 0.69746
5 0.31514 0.245894 0.331618 0.491087 0.633181
0 0.359796 0.0674224 0.0862799 0.096435 0.84363
4 0.268198 0.300693 0.188379 0.377117 0.790006
5 0.733651 0.50089 0.52447 0.99822 0.77652
5 0.730362 0.267642 0.500983 0.531986 0.69746
5 0.31514 0.245894 0.331618 0.491087 0.633181
0 0.359796 0.0674224 0.0862799 0.096435 0.84363
4 0.268198 0.300693 0.188379 0.377117 0.790006
5 0.733651 0.50089 0.52447 0.99822 0.77652
5 0.730362 0.267642 0.500983 0.531986 0.69746
5 0.31514 0.245894 0.331618 0.491087 0.633181
