5 0.607499 0.519377 0.261864 0.932502 0.858032
4 0.417703 0.345063 0.081961 0.229312 0.830561
2 0.540941 0.124607 0.0954329 0.189567 0.675209
5 0.607499 0.519377 0.261864 0.932502 0.858032
4 0.417703 0.345063 0.081961 0.229312 0.830561
2 0.540941 0.124607 0.0954329 0.189567 0.675209
5 0.607499 0.519377 0.261864 0.932502 0.858032
4 0.417703 0.345063 0.081961 0.229312 0.830561
2 0.540941 0.124607 0.0954329 0.189567 0.675209
5 0.607499 0.519377 0.261864 0.932502 0.858032
4 0.417703 0.345063 0.081961 0.229312 0.830561
2 0.540941 0.124607 0.0954329 0.189567 0.675209
