5 0.562635 0.497264 0.255014 0.99367 0.896902
4 0.594858 0.175612 0.160778 0.351225 0.863093
5 0.413446 0.328304 0.132703 0.389728 0.856128
3 0.451108 0.299183 0.0328417 0.0660639 0.67861
2 0.444639 0.199034 0.0486759 0.102544 0.605722
5 0.562635 0.497264 0.255014 0.99367 0.896902
4 0.594858 0.175612 0.160778 0.351225 0.863093
5 0.413446 0.328304 0.132703 0.389728 0.856128
3 0.451108 0.299183 0.0328417 0.0660639 0.67861
2 0.444639 0.199034 0.0486759 0.102544 0.605722
5 0.562635 0.497264 0.255014 0.99367 0.896902
4 0.594858 0.175612 0.160778 0.351225 0.863093
5 0.413446 0.328304 0.132703 0.389728 0.856128
3 0.451108 0.299183 0.0328417 0.0660639 0.67861
2 0.444639 0.199034 0.0486759 0.102544 0.605722
5 0.562635 0.497264 0.255014 0.99367 0.896902
4 0.594858 0.175612 0.160778 0.351225 0.863093
5 0.413446 0.328304 0.132703 0.389728 0.856128
3 0.451108 0.299183 0.0328417 0.0660639 0.67861
2 0.444639 0.199034 0.0486759 0.102544 0.605722
