4 0.561279 0.203414 0.220828 0.406828 0.81479
5 0.380028 0.512583 0.160653 0.75164 0.806656
5 0.515393 0.500079 0.353172 0.999316 0.776361
4 0.561279 0.203414 0.220828 0.406828 0.81479
5 0.380028 0.512583 0.160653 0.75164 0.806656
5 0.515393 0.500079 0.353172 0.999316 0.776361
4 0.561279 0.203414 0.220828 0.406828 0.81479
5 0.380028 0.512583 0.160653 0.75164 0.806656
5 0.515393 0.500079 0.353172 0.999316 0.776361
4 0.561279 0.203414 0.220828 0.406828 0.81479
5 0.380028 0.512583 0.160653 0.75164 0.806656
5 0.515393 0.500079 0.353172 0.999316 0.776361
