5 0.178345 0.499203 0.340585 0.997905 0.915122
5 0.38019 0.420051 0.168973 0.838018 0.864078
4 0.436912 0.395207 0.0530527 0.26338 0.774789
5 0.178345 0.499203 0.340585 0.997905 0.915122
5 0.38019 0.420051 0.168973 0.838018 0.864078
4 0.436912 0.395207 0.0530527 0.26338 0.774789
5 0.178345 0.499203 0.340585 0.997905 0.915122
5 0.38019 0.420051 0.168973 0.838018 0.864078
4 0.436912 0.395207 0.0530527 0.26338 0.774789
5 0.178345 0.499203 0.340585 0.997905 0.915122
5 0.38019 0.420051 0.168973 0.838018 0.864078
4 0.436912 0.395207 0.0530527 0.26338 0.774789
