5 0.279243 0.472797 0.231197 0.790854 0.89172
5 0.498156 0.5 0.393166 1 0.846729
4 0.252582 0.342893 0.115483 0.278841 0.836548
0 0.33952 0.146362 0.0772192 0.108928 0.758081
5 0.279243 0.472797 0.231197 0.790854 0.89172
5 0.498156 0.5 0.393166 1 0.846729
4 0.252582 0.342893 0.115483 0.278841 0.836548
0 0.33952 0.146362 0.0772192 0.108928 0.758081
5 0.279243 0.472797 0.231197 0.790854 0.89172
5 0.498156 0.5 0.393166 1 0.846729
4 0.252582 0.342893 0.115483 0.278841 0.836548
0 0.33952 0.146362 0.0772192 0.108928 0.758081
5 0.279243 0.472797 0.231197 0.790854 0.89172
5 0.498156 0.5 0.393166 1 0.846729
4 0.252582 0.342893 0.115483 0.278841 0.836548
0 0.33952 0.146362 0.0772192 0.108928 0.758081
