5 0.325975 0.46159 0.239119 0.797324 0.907312
4 0.310557 0.341222 0.101783 0.289026 0.865459
5 0.578332 0.4999 0.25101 0.99942 0.850355
4 0.612636 0.195012 0.171815 0.390024 0.850254
0 0.386301 0.140104 0.071592 0.0999629 0.809515
3 0.379759 0.214533 0.0290017 0.0626052 0.64021
5 0.325975 0.46159 0.239119 0.797324 0.907312
4 0.310557 0.341222 0.101783 0.289026 0.865459
5 0.578332 0.4999 0.25101 0.99942 0.850355
4 0.612636 0.195012 0.171815 0.390024 0.850254
0 0.386301 0.140104 0.071592 0.0999629 0.809515
3 0.379759 0.214533 0.0290017 0.0626052 0.64021
5 0.325975 0.46159 0.239119 0.797324 0.907312
4 0.310557 0.341222 0.101783 0.289026 0.865459
5 0.578332 0.4999 0.25101 0.99942 0.850355
4 0.612636 0.195012 0.171815 0.390024 0.850254
0 0.386301 0.140104 0.071592 0.0999629 0.809515
3 0.379759 0.214533 0.0290017 0.0626052 0.64021
5 0.325975 0.46159 0.239119 0.797324 0.907312
4 0.310557 0.341222 0.101783 0.289026 0.865459
5 0.578332 0.4999 0.25101 0.99942 0.850355
4 0.612636 0.195012 0.171815 0.390024 0.850254
0 0.386301 0.140104 0.071592 0.0999629 0.809515
3 0.379759 0.214533 0.0290017 0.0626052 0.64021
