5 0.268155 0.500059 0.34517 0.999882 0.928964
4 0.158013 0.346973 0.082704 0.29285 0.838638
4 0.318679 0.181947 0.205526 0.363893 0.814452
5 0.268155 0.500059 0.34517 0.999882 0.928964
4 0.158013 0.346973 0.082704 0.29285 0.838638
4 0.318679 0.181947 0.205526 0.363893 0.814452
5 0.268155 0.500059 0.34517 0.999882 0.928964
4 0.158013 0.346973 0.082704 0.29285 0.838638
4 0.318679 0.181947 0.205526 0.363893 0.814452
5 0.268155 0.500059 0.34517 0.999882 0.928964
4 0.158013 0.346973 0.082704 0.29285 0.838638
4 0.318679 0.181947 0.205526 0.363893 0.814452
