5 0.598103 0.500568 0.263267 0.998165 0.87653
5 0.418094 0.487607 0.116079 0.974256 0.760682
4 0.597464 0.190003 0.166796 0.380006 0.736738
4 0.428664 0.355801 0.0784616 0.322118 0.710483
4 0.428717 0.125999 0.0578375 0.2322 0.710173
5 0.598103 0.500568 0.263267 0.998165 0.87653
5 0.418094 0.487607 0.116079 0.974256 0.760682
4 0.597464 0.190003 0.166796 0.380006 0.736738
4 0.428664 0.355801 0.0784616 0.322118 0.710483
4 0.428717 0.125999 0.0578375 0.2322 0.710173
5 0.598103 0.500568 0.263267 0.998165 0.87653
5 0.418094 0.487607 0.116079 0.974256 0.760682
4 0.597464 0.190003 0.166796 0.380006 0.736738
4 0.428664 0.355801 0.0784616 0.322118 0.710483
4 0.428717 0.125999 0.0578375 0.2322 0.710173
5 0.598103 0.500568 0.263267 0.998165 0.87653
5 0.418094 0.487607 0.116079 0.974256 0.760682
4 0.597464 0.190003 0.166796 0.380006 0.736738
4 0.428664 0.355801 0.0784616 0.322118 0.710483
4 0.428717 0.125999 0.0578375 0.2322 0.710173
