5 0.596732 0.4997 0.252766 0.999399 0.881251
4 0.416836 0.347371 0.0923867 0.290875 0.880757
5 0.413853 0.44166 0.114644 0.86348 0.820045
4 0.602983 0.193037 0.163952 0.386075 0.748408
5 0.596732 0.4997 0.252766 0.999399 0.881251
4 0.416836 0.347371 0.0923867 0.290875 0.880757
5 0.413853 0.44166 0.114644 0.86348 0.820045
4 0.602983 0.193037 0.163952 0.386075 0.748408
5 0.596732 0.4997 0.252766 0.999399 0.881251
4 0.416836 0.347371 0.0923867 0.290875 0.880757
5 0.413853 0.44166 0.114644 0.86348 0.820045
4 0.602983 0.193037 0.163952 0.386075 0.748408
5 0.596732 0.4997 0.252766 0.999399 0.881251
4 0.416836 0.347371 0.0923867 0.290875 0.880757
5 0.413853 0.44166 0.114644 0.86348 0.820045
4 0.602983 0.193037 0.163952 0.386075 0.748408
