5 0.128794 0.26702 0.240648 0.530966 0.898153
5 0.264333 0.259189 0.173726 0.513213 0.851734
4 0.102397 0.289415 0.120402 0.30997 0.782367
0 0.145648 0.0420514 0.081511 0.0794988 0.771205
5 0.464112 0.498896 0.169339 0.997791 0.76511
5 0.128794 0.26702 0.240648 0.530966 0.898153
5 0.264333 0.259189 0.173726 0.513213 0.851734
4 0.102397 0.289415 0.120402 0.30997 0.782367
0 0.145648 0.0420514 0.081511 0.0794988 0.771205
5 0.464112 0.498896 0.169339 0.997791 0.76511
5 0.128794 0.26702 0.240648 0.530966 0.898153
5 0.264333 0.259189 0.173726 0.513213 0.851734
4 0.102397 0.289415 0.120402 0.30997 0.782367
0 0.145648 0.0420514 0.081511 0.0794988 0.771205
5 0.464112 0.498896 0.169339 0.997791 0.76511
5 0.128794 0.26702 0.240648 0.530966 0.898153
5 0.264333 0.259189 0.173726 0.513213 0.851734
4 0.102397 0.289415 0.120402 0.30997 0.782367
0 0.145648 0.0420514 0.081511 0.0794988 0.771205
5 0.464112 0.498896 0.169339 0.997791 0.76511
