4 0.614211 0.195314 0.168118 0.390627 0.892632
5 0.585044 0.499946 0.230841 0.99888 0.863459
4 0.34745 0.343031 0.100791 0.277612 0.851818
5 0.336663 0.470072 0.24307 0.781772 0.84605
0 0.408154 0.14092 0.0707612 0.0979252 0.775443
4 0.4169 0.358952 0.051697 0.319516 0.721524
4 0.614211 0.195314 0.168118 0.390627 0.892632
5 0.585044 0.499946 0.230841 0.99888 0.863459
4 0.34745 0.343031 0.100791 0.277612 0.851818
5 0.336663 0.470072 0.24307 0.781772 0.84605
0 0.408154 0.14092 0.0707612 0.0979252 0.775443
4 0.4169 0.358952 0.051697 0.319516 0.721524
4 0.614211 0.195314 0.168118 0.390627 0.892632
5 0.585044 0.499946 0.230841 0.99888 0.863459
4 0.34745 0.343031 0.100791 0.277612 0.851818
5 0.336663 0.470072 0.24307 0.781772 0.84605
0 0.408154 0.14092 0.0707612 0.0979252 0.775443
4 0.4169 0.358952 0.051697 0.319516 0.721524
4 0.614211 0.195314 0.168118 0.390627 0.892632
5 0.585044 0.499946 0.230841 0.99888 0.863459
4 0.34745 0.343031 0.100791 0.277612 0.851818
5 0.336663 0.470072 0.24307 0.781772 0.84605
0 0.408154 0.14092 0.0707612 0.0979252 0.775443
4 0.4169 0.358952 0.051697 0.319516 0.721524
