5 0.234418 0.286353 0.249248 0.49058 0.837996
0 0.360456 0.0911574 0.0970837 0.151265 0.825423
4 0.217379 0.358696 0.10202 0.305891 0.742027
0 0.250437 0.109947 0.070762 0.0854014 0.648959
5 0.234418 0.286353 0.249248 0.49058 0.837996
0 0.360456 0.0911574 0.0970837 0.151265 0.825423
4 0.217379 0.358696 0.10202 0.305891 0.742027
0 0.250437 0.109947 0.070762 0.0854014 0.648959
5 0.234418 0.286353 0.249248 0.49058 0.837996
0 0.360456 0.0911574 0.0970837 0.151265 0.825423
4 0.217379 0.358696 0.10202 0.305891 0.742027
0 0.250437 0.109947 0.070762 0.0854014 0.648959
5 0.234418 0.286353 0.249248 0.49058 0.837996
0 0.360456 0.0911574 0.0970837 0.151265 0.825423
4 0.217379 0.358696 0.10202 0.305891 0.742027
0 0.250437 0.109947 0.070762 0.0854014 0.648959
