4 0.412849 0.342011 0.0939064 0.284538 0.878137
5 0.595367 0.499562 0.245101 0.999124 0.868782
4 0.60373 0.197972 0.16579 0.395944 0.777551
5 0.411573 0.475376 0.118815 0.946599 0.727762
4 0.412849 0.342011 0.0939064 0.284538 0.878137
5 0.595367 0.499562 0.245101 0.999124 0.868782
4 0.60373 0.197972 0.16579 0.395944 0.777551
5 0.411573 0.475376 0.118815 0.946599 0.727762
4 0.412849 0.342011 0.0939064 0.284538 0.878137
5 0.595367 0.499562 0.245101 0.999124 0.868782
4 0.60373 0.197972 0.16579 0.395944 0.777551
5 0.411573 0.475376 0.118815 0.946599 0.727762
4 0.412849 0.342011 0.0939064 0.284538 0.878137
5 0.595367 0.499562 0.245101 0.999124 0.868782
4 0.60373 0.197972 0.16579 0.395944 0.777551
5 0.411573 0.475376 0.118815 0.946599 0.727762
