5 0.570183 0.498588 0.264744 0.997177 0.861749
5 0.365591 0.307795 0.168735 0.430749 0.849498
4 0.373109 0.369661 0.102354 0.254988 0.841909
4 0.609027 0.177084 0.165603 0.354168 0.761466
3 0.398809 0.255068 0.034526 0.0515311 0.705474
2 0.395972 0.153567 0.0835351 0.110969 0.649869
5 0.570183 0.498588 0.264744 0.997177 0.861749
5 0.365591 0.307795 0.168735 0.430749 0.849498
4 0.373109 0.369661 0.102354 0.254988 0.841909
4 0.609027 0.177084 0.165603 0.354168 0.761466
3 0.398809 0.255068 0.034526 0.0515311 0.705474
2 0.395972 0.153567 0.0835351 0.110969 0.649869
5 0.570183 0.498588 0.264744 0.997177 0.861749
5 0.365591 0.307795 0.168735 0.430749 0.849498
4 0.373109 0.369661 0.102354 0.254988 0.841909
4 0.609027 0.177084 0.165603 0.354168 0.761466
3 0.398809 0.255068 0.034526 0.0515311 0.705474
2 0.395972 0.153567 0.0835351 0.110969 0.649869
5 0.570183 0.498588 0.264744 0.997177 0.861749
5 0.365591 0.307795 0.168735 0.430749 0.849498
4 0.373109 0.369661 0.102354 0.254988 0.841909
4 0.609027 0.177084 0.165603 0.354168 0.761466
3 0.398809 0.255068 0.034526 0.0515311 0.705474
2 0.395972 0.153567 0.0835351 0.110969 0.649869
