4 0.610987 0.198574 0.164607 0.397148 0.876695
4 0.375541 0.353026 0.0972955 0.280563 0.869837
5 0.58402 0.499588 0.241415 0.999176 0.830494
5 0.359537 0.490866 0.211752 0.819158 0.806982
0 0.431662 0.144658 0.0765928 0.106875 0.785654
4 0.610987 0.198574 0.164607 0.397148 0.876695
4 0.375541 0.353026 0.0972955 0.280563 0.869837
5 0.58402 0.499588 0.241415 0.999176 0.830494
5 0.359537 0.490866 0.211752 0.819158 0.806982
0 0.431662 0.144658 0.0765928 0.106875 0.785654
4 0.610987 0.198574 0.164607 0.397148 0.876695
4 0.375541 0.353026 0.0972955 0.280563 0.869837
5 0.58402 0.499588 0.241415 0.999176 0.830494
5 0.359537 0.490866 0.211752 0.819158 0.806982
0 0.431662 0.144658 0.0765928 0.106875 0.785654
4 0.610987 0.198574 0.164607 0.397148 0.876695
4 0.375541 0.353026 0.0972955 0.280563 0.869837
5 0.58402 0.499588 0.241415 0.999176 0.830494
5 0.359537 0.490866 0.211752 0.819158 0.806982
0 0.431662 0.144658 0.0765928 0.106875 0.785654
