4 0.17106 0.34821 0.105165 0.286137 0.897886
5 0.310201 0.49979 0.402593 0.99958 0.809399
5 0.160838 0.43939 0.152442 0.788271 0.649728
4 0.351397 0.194541 0.201713 0.389082 0.615417
4 0.17106 0.34821 0.105165 0.286137 0.897886
5 0.310201 0.49979 0.402593 0.99958 0.809399
5 0.160838 0.43939 0.152442 0.788271 0.649728
4 0.351397 0.194541 0.201713 0.389082 0.615417
4 0.17106 0.34821 0.105165 0.286137 0.897886
5 0.310201 0.49979 0.402593 0.99958 0.809399
5 0.160838 0.43939 0.152442 0.788271 0.649728
4 0.351397 0.194541 0.201713 0.389082 0.615417
4 0.17106 0.34821 0.105165 0.286137 0.897886
5 0.310201 0.49979 0.402593 0.99958 0.809399
5 0.160838 0.43939 0.152442 0.788271 0.649728
4 0.351397 0.194541 0.201713 0.389082 0.615417
