5 0.283834 0.493678 0.247126 0.986041 0.900624
4 0.292897 0.25552 0.125432 0.379234 0.890618
5 0.615942 0.480301 0.218394 0.954733 0.8858
4 0.662699 0.271425 0.100323 0.381528 0.861007
8 0.215148 0.271057 0.428247 0.537942 0.707486
5 0.283834 0.493678 0.247126 0.986041 0.900624
4 0.292897 0.25552 0.125432 0.379234 0.890618
5 0.615942 0.480301 0.218394 0.954733 0.8858
4 0.662699 0.271425 0.100323 0.381528 0.861007
8 0.215148 0.271057 0.428247 0.537942 0.707486
5 0.283834 0.493678 0.247126 0.986041 0.900624
4 0.292897 0.25552 0.125432 0.379234 0.890618
5 0.615942 0.480301 0.218394 0.954733 0.8858
4 0.662699 0.271425 0.100323 0.381528 0.861007
8 0.215148 0.271057 0.428247 0.537942 0.707486
5 0.283834 0.493678 0.247126 0.986041 0.900624
4 0.292897 0.25552 0.125432 0.379234 0.890618
5 0.615942 0.480301 0.218394 0.954733 0.8858
4 0.662699 0.271425 0.100323 0.381528 0.861007
8 0.215148 0.271057 0.428247 0.537942 0.707486
