5 0.563354 0.496445 0.2466 0.99289 0.914741
2 0.441427 0.191285 0.0575401 0.11546 0.871926
5 0.412114 0.328614 0.138049 0.39981 0.853818
4 0.599252 0.176089 0.155783 0.352178 0.745295
3 0.446689 0.294484 0.0347534 0.0546624 0.681498
5 0.563354 0.496445 0.2466 0.99289 0.914741
2 0.441427 0.191285 0.0575401 0.11546 0.871926
5 0.412114 0.328614 0.138049 0.39981 0.853818
4 0.599252 0.176089 0.155783 0.352178 0.745295
3 0.446689 0.294484 0.0347534 0.0546624 0.681498
5 0.563354 0.496445 0.2466 0.99289 0.914741
2 0.441427 0.191285 0.0575401 0.11546 0.871926
5 0.412114 0.328614 0.138049 0.39981 0.853818
4 0.599252 0.176089 0.155783 0.352178 0.745295
3 0.446689 0.294484 0.0347534 0.0546624 0.681498
5 0.563354 0.496445 0.2466 0.99289 0.914741
2 0.441427 0.191285 0.0575401 0.11546 0.871926
5 0.412114 0.328614 0.138049 0.39981 0.853818
4 0.599252 0.176089 0.155783 0.352178 0.745295
3 0.446689 0.294484 0.0347534 0.0546624 0.681498
