4 0.381005 0.36185 0.0944597 0.237906 0.883952
5 0.395324 0.305875 0.176695 0.425088 0.879694
5 0.577541 0.498706 0.266751 0.996812 0.844561
0 0.396773 0.151232 0.085661 0.110814 0.827521
4 0.606217 0.176093 0.16367 0.352186 0.724514
3 0.398481 0.255489 0.0347868 0.0515118 0.710368
4 0.381005 0.36185 0.0944597 0.237906 0.883952
5 0.395324 0.305875 0.176695 0.425088 0.879694
5 0.577541 0.498706 0.266751 0.996812 0.844561
0 0.396773 0.151232 0.085661 0.110814 0.827521
4 0.606217 0.176093 0.16367 0.352186 0.724514
3 0.398481 0.255489 0.0347868 0.0515118 0.710368
4 0.381005 0.36185 0.0944597 0.237906 0.883952
5 0.395324 0.305875 0.176695 0.425088 0.879694
5 0.577541 0.498706 0.266751 0.996812 0.844561
0 0.396773 0.151232 0.085661 0.110814 0.827521
4 0.606217 0.176093 0.16367 0.352186 0.724514
3 0.398481 0.255489 0.0347868 0.0515118 0.710368
4 0.381005 0.36185 0.0944597 0.237906 0.883952
5 0.395324 0.305875 0.176695 0.425088 0.879694
5 0.577541 0.498706 0.266751 0.996812 0.844561
0 0.396773 0.151232 0.085661 0.110814 0.827521
4 0.606217 0.176093 0.16367 0.352186 0.724514
3 0.398481 0.255489 0.0347868 0.0515118 0.710368
