0 0.42887 0.124509 0.0570704 0.0966051 0.821492
5 0.391833 0.462659 0.14361 0.813085 0.815206
5 0.0677659 0.228589 0.135532 0.457002 0.71009
4 0.0621281 0.149047 0.122457 0.298094 0.643247
0 0.42887 0.124509 0.0570704 0.0966051 0.821492
5 0.391833 0.462659 0.14361 0.813085 0.815206
5 0.0677659 0.228589 0.135532 0.457002 0.71009
4 0.0621281 0.149047 0.122457 0.298094 0.643247
0 0.42887 0.124509 0.0570704 0.0966051 0.821492
5 0.391833 0.462659 0.14361 0.813085 0.815206
5 0.0677659 0.228589 0.135532 0.457002 0.71009
4 0.0621281 0.149047 0.122457 0.298094 0.643247
0 0.42887 0.124509 0.0570704 0.0966051 0.821492
5 0.391833 0.462659 0.14361 0.813085 0.815206
5 0.0677659 0.228589 0.135532 0.457002 0.71009
4 0.0621281 0.149047 0.122457 0.298094 0.643247
