5 0.555139 0.499435 0.279259 0.996858 0.886692
4 0.59266 0.194347 0.16773 0.388694 0.871348
4 0.42847 0.158664 0.0510196 0.291737 0.802556
5 0.555139 0.499435 0.279259 0.996858 0.886692
4 0.59266 0.194347 0.16773 0.388694 0.871348
4 0.42847 0.158664 0.0510196 0.291737 0.802556
5 0.555139 0.499435 0.279259 0.996858 0.886692
4 0.59266 0.194347 0.16773 0.388694 0.871348
4 0.42847 0.158664 0.0510196 0.291737 0.802556
5 0.555139 0.499435 0.279259 0.996858 0.886692
4 0.59266 0.194347 0.16773 0.388694 0.871348
4 0.42847 0.158664 0.0510196 0.291737 0.802556
