0 0.126957 0.0294553 0.0712552 0.0589105 0.832107
5 0.382186 0.500751 0.316943 0.998497 0.830679
5 0.0975533 0.265348 0.193834 0.527174 0.800294
5 0.382045 0.349262 0.312386 0.69679 0.730234
0 0.126957 0.0294553 0.0712552 0.0589105 0.832107
5 0.382186 0.500751 0.316943 0.998497 0.830679
5 0.0975533 0.265348 0.193834 0.527174 0.800294
5 0.382045 0.349262 0.312386 0.69679 0.730234
0 0.126957 0.0294553 0.0712552 0.0589105 0.832107
5 0.382186 0.500751 0.316943 0.998497 0.830679
5 0.0975533 0.265348 0.193834 0.527174 0.800294
5 0.382045 0.349262 0.312386 0.69679 0.730234
0 0.126957 0.0294553 0.0712552 0.0589105 0.832107
5 0.382186 0.500751 0.316943 0.998497 0.830679
5 0.0975533 0.265348 0.193834 0.527174 0.800294
5 0.382045 0.349262 0.312386 0.69679 0.730234
