0 0.397294 0.0951931 0.101469 0.144515 0.884754
0 0.266538 0.128853 0.0851805 0.116337 0.847462
4 0.202785 0.37163 0.134255 0.282357 0.840418
5 0.230527 0.289925 0.2688 0.473038 0.765175
3 0.264711 0.23014 0.043986 0.0621693 0.696423
0 0.397294 0.0951931 0.101469 0.144515 0.884754
0 0.266538 0.128853 0.0851805 0.116337 0.847462
4 0.202785 0.37163 0.134255 0.282357 0.840418
5 0.230527 0.289925 0.2688 0.473038 0.765175
3 0.264711 0.23014 0.043986 0.0621693 0.696423
0 0.397294 0.0951931 0.101469 0.144515 0.884754
0 0.266538 0.128853 0.0851805 0.116337 0.847462
4 0.202785 0.37163 0.134255 0.282357 0.840418
5 0.230527 0.289925 0.2688 0.473038 0.765175
3 0.264711 0.23014 0.043986 0.0621693 0.696423
0 0.397294 0.0951931 0.101469 0.144515 0.884754
0 0.266538 0.128853 0.0851805 0.116337 0.847462
4 0.202785 0.37163 0.134255 0.282357 0.840418
5 0.230527 0.289925 0.2688 0.473038 0.765175
3 0.264711 0.23014 0.043986 0.0621693 0.696423
