0 0.287265 0.1814 0.0961706 0.127515 0.866556
0 0.431955 0.0709932 0.0910632 0.136783 0.857127
5 0.241831 0.318484 0.339708 0.429963 0.819718
4 0.217981 0.381251 0.145619 0.293292 0.75192
3 0.283176 0.271785 0.039189 0.06419 0.709903
5 0.461882 0.249116 0.298772 0.495121 0.643185
0 0.287265 0.1814 0.0961706 0.127515 0.866556
0 0.431955 0.0709932 0.0910632 0.136783 0.857127
5 0.241831 0.318484 0.339708 0.429963 0.819718
4 0.217981 0.381251 0.145619 0.293292 0.75192
3 0.283176 0.271785 0.039189 0.06419 0.709903
5 0.461882 0.249116 0.298772 0.495121 0.643185
0 0.287265 0.1814 0.0961706 0.127515 0.866556
0 0.431955 0.0709932 0.0910632 0.136783 0.857127
5 0.241831 0.318484 0.339708 0.429963 0.819718
4 0.217981 0.381251 0.145619 0.293292 0.75192
3 0.283176 0.271785 0.039189 0.06419 0.709903
5 0.461882 0.249116 0.298772 0.495121 0.643185
0 0.287265 0.1814 0.0961706 0.127515 0.866556
0 0.431955 0.0709932 0.0910632 0.136783 0.857127
5 0.241831 0.318484 0.339708 0.429963 0.819718
4 0.217981 0.381251 0.145619 0.293292 0.75192
3 0.283176 0.271785 0.039189 0.06419 0.709903
5 0.461882 0.249116 0.298772 0.495121 0.643185
