5 0.849704 0.500482 0.300591 0.996507 0.87138
5 0.241419 0.441592 0.323018 0.881836 0.832973
5 0.23883 0.269031 0.315213 0.538062 0.776062
5 0.849704 0.500482 0.300591 0.996507 0.87138
5 0.241419 0.441592 0.323018 0.881836 0.832973
5 0.23883 0.269031 0.315213 0.538062 0.776062
5 0.849704 0.500482 0.300591 0.996507 0.87138
5 0.241419 0.441592 0.323018 0.881836 0.832973
5 0.23883 0.269031 0.315213 0.538062 0.776062
5 0.849704 0.500482 0.300591 0.996507 0.87138
5 0.241419 0.441592 0.323018 0.881836 0.832973
5 0.23883 0.269031 0.315213 0.538062 0.776062
