5 0.0968032 0.265002 0.193445 0.524983 0.926594
5 0.512626 0.495541 0.335343 0.990926 0.723974
4 0.467805 0.231041 0.191122 0.462082 0.705772
5 0.442266 0.499229 0.420222 0.996573 0.687661
5 0.0968032 0.265002 0.193445 0.524983 0.926594
5 0.512626 0.495541 0.335343 0.990926 0.723974
4 0.467805 0.231041 0.191122 0.462082 0.705772
5 0.442266 0.499229 0.420222 0.996573 0.687661
5 0.0968032 0.265002 0.193445 0.524983 0.926594
5 0.512626 0.495541 0.335343 0.990926 0.723974
4 0.467805 0.231041 0.191122 0.462082 0.705772
5 0.442266 0.499229 0.420222 0.996573 0.687661
5 0.0968032 0.265002 0.193445 0.524983 0.926594
5 0.512626 0.495541 0.335343 0.990926 0.723974
4 0.467805 0.231041 0.191122 0.462082 0.705772
5 0.442266 0.499229 0.420222 0.996573 0.687661
