4 0.643064 0.272646 0.0978542 0.377614 0.886195
5 0.258002 0.486697 0.290611 0.973393 0.884165
5 0.615448 0.481123 0.212131 0.959976 0.880107
4 0.286656 0.230969 0.128279 0.379797 0.870759
8 0.213238 0.261668 0.422711 0.518401 0.783439
3 0.288444 0.0324384 0.0504492 0.0596821 0.670389
4 0.643064 0.272646 0.0978542 0.377614 0.886195
5 0.258002 0.486697 0.290611 0.973393 0.884165
5 0.615448 0.481123 0.212131 0.959976 0.880107
4 0.286656 0.230969 0.128279 0.379797 0.870759
8 0.213238 0.261668 0.422711 0.518401 0.783439
3 0.288444 0.0324384 0.0504492 0.0596821 0.670389
4 0.643064 0.272646 0.0978542 0.377614 0.886195
5 0.258002 0.486697 0.290611 0.973393 0.884165
5 0.615448 0.481123 0.212131 0.959976 0.880107
4 0.286656 0.230969 0.128279 0.379797 0.870759
8 0.213238 0.261668 0.422711 0.518401 0.783439
3 0.288444 0.0324384 0.0504492 0.0596821 0.670389
4 0.643064 0.272646 0.0978542 0.377614 0.886195
5 0.258002 0.486697 0.290611 0.973393 0.884165
5 0.615448 0.481123 0.212131 0.959976 0.880107
4 0.286656 0.230969 0.128279 0.379797 0.870759
8 0.213238 0.261668 0.422711 0.518401 0.783439
3 0.288444 0.0324384 0.0504492 0.0596821 0.670389
