5 0.575795 0.498499 0.270496 0.996998 0.895598
4 0.373166 0.371825 0.0992734 0.246599 0.847531
4 0.613111 0.176696 0.165146 0.353392 0.835845
5 0.363842 0.31046 0.159995 0.436021 0.767047
3 0.39793 0.261209 0.0366084 0.0509596 0.712313
5 0.366454 0.393049 0.157388 0.607234 0.635426
5 0.575795 0.498499 0.270496 0.996998 0.895598
4 0.373166 0.371825 0.0992734 0.246599 0.847531
4 0.613111 0.176696 0.165146 0.353392 0.835845
5 0.363842 0.31046 0.159995 0.436021 0.767047
3 0.39793 0.261209 0.0366084 0.0509596 0.712313
5 0.366454 0.393049 0.157388 0.607234 0.635426
5 0.575795 0.498499 0.270496 0.996998 0.895598
4 0.373166 0.371825 0.0992734 0.246599 0.847531
4 0.613111 0.176696 0.165146 0.353392 0.835845
5 0.363842 0.31046 0.159995 0.436021 0.767047
3 0.39793 0.261209 0.0366084 0.0509596 0.712313
5 0.366454 0.393049 0.157388 0.607234 0.635426
5 0.575795 0.498499 0.270496 0.996998 0.895598
4 0.373166 0.371825 0.0992734 0.246599 0.847531
4 0.613111 0.176696 0.165146 0.353392 0.835845
5 0.363842 0.31046 0.159995 0.436021 0.767047
3 0.39793 0.261209 0.0366084 0.0509596 0.712313
5 0.366454 0.393049 0.157388 0.607234 0.635426
