5 0.591649 0.500252 0.255539 0.999097 0.8646
4 0.603799 0.203951 0.167757 0.407901 0.81439
5 0.405201 0.48662 0.117904 0.968115 0.797847
2 0.433429 0.0784506 0.043821 0.135528 0.790558
4 0.418013 0.338245 0.0892021 0.277801 0.786063
5 0.591649 0.500252 0.255539 0.999097 0.8646
4 0.603799 0.203951 0.167757 0.407901 0.81439
5 0.405201 0.48662 0.117904 0.968115 0.797847
2 0.433429 0.0784506 0.043821 0.135528 0.790558
4 0.418013 0.338245 0.0892021 0.277801 0.786063
5 0.591649 0.500252 0.255539 0.999097 0.8646
4 0.603799 0.203951 0.167757 0.407901 0.81439
5 0.405201 0.48662 0.117904 0.968115 0.797847
2 0.433429 0.0784506 0.043821 0.135528 0.790558
4 0.418013 0.338245 0.0892021 0.277801 0.786063
5 0.591649 0.500252 0.255539 0.999097 0.8646
4 0.603799 0.203951 0.167757 0.407901 0.81439
5 0.405201 0.48662 0.117904 0.968115 0.797847
2 0.433429 0.0784506 0.043821 0.135528 0.790558
4 0.418013 0.338245 0.0892021 0.277801 0.786063
