5 0.561266 0.499642 0.276364 0.996035 0.883484
4 0.593413 0.174547 0.160532 0.349095 0.678658
4 0.426748 0.156795 0.0557815 0.272812 0.600141
5 0.561266 0.499642 0.276364 0.996035 0.883484
4 0.593413 0.174547 0.160532 0.349095 0.678658
4 0.426748 0.156795 0.0557815 0.272812 0.600141
5 0.561266 0.499642 0.276364 0.996035 0.883484
4 0.593413 0.174547 0.160532 0.349095 0.678658
4 0.426748 0.156795 0.0557815 0.272812 0.600141
5 0.561266 0.499642 0.276364 0.996035 0.883484
4 0.593413 0.174547 0.160532 0.349095 0.678658
4 0.426748 0.156795 0.0557815 0.272812 0.600141
