5 0.597311 0.499783 0.296165 0.999089 0.858738
4 0.597939 0.176284 0.161617 0.352311 0.704471
5 0.42105 0.262278 0.096591 0.521661 0.688571
5 0.597311 0.499783 0.296165 0.999089 0.858738
4 0.597939 0.176284 0.161617 0.352311 0.704471
5 0.42105 0.262278 0.096591 0.521661 0.688571
5 0.597311 0.499783 0.296165 0.999089 0.858738
4 0.597939 0.176284 0.161617 0.352311 0.704471
5 0.42105 0.262278 0.096591 0.521661 0.688571
5 0.597311 0.499783 0.296165 0.999089 0.858738
4 0.597939 0.176284 0.161617 0.352311 0.704471
5 0.42105 0.262278 0.096591 0.521661 0.688571
