5 0.133686 0.284416 0.267307 0.450929 0.924828
5 0.842912 0.5 0.31385 1 0.92013
4 0.835511 0.17437 0.254816 0.348741 0.84662
0 0.155423 0.146441 0.096754 0.1063 0.762884
5 0.133686 0.284416 0.267307 0.450929 0.924828
5 0.842912 0.5 0.31385 1 0.92013
4 0.835511 0.17437 0.254816 0.348741 0.84662
0 0.155423 0.146441 0.096754 0.1063 0.762884
5 0.133686 0.284416 0.267307 0.450929 0.924828
5 0.842912 0.5 0.31385 1 0.92013
4 0.835511 0.17437 0.254816 0.348741 0.84662
0 0.155423 0.146441 0.096754 0.1063 0.762884
5 0.133686 0.284416 0.267307 0.450929 0.924828
5 0.842912 0.5 0.31385 1 0.92013
4 0.835511 0.17437 0.254816 0.348741 0.84662
0 0.155423 0.146441 0.096754 0.1063 0.762884
