5 0.614369 0.49015 0.246474 0.977994 0.904588
4 0.355926 0.302193 0.126954 0.308039 0.883788
5 0.346256 0.449647 0.25368 0.869301 0.863418
4 0.623699 0.199578 0.100095 0.301281 0.615279
5 0.614369 0.49015 0.246474 0.977994 0.904588
4 0.355926 0.302193 0.126954 0.308039 0.883788
5 0.346256 0.449647 0.25368 0.869301 0.863418
4 0.623699 0.199578 0.100095 0.301281 0.615279
5 0.614369 0.49015 0.246474 0.977994 0.904588
4 0.355926 0.302193 0.126954 0.308039 0.883788
5 0.346256 0.449647 0.25368 0.869301 0.863418
4 0.623699 0.199578 0.100095 0.301281 0.615279
5 0.614369 0.49015 0.246474 0.977994 0.904588
4 0.355926 0.302193 0.126954 0.308039 0.883788
5 0.346256 0.449647 0.25368 0.869301 0.863418
4 0.623699 0.199578 0.100095 0.301281 0.615279
