5 0.381275 0.516877 0.178783 0.839846 0.825918
0 0.437297 0.155045 0.0587732 0.0931107 0.734594
4 0.430481 0.336041 0.0691822 0.182144 0.695182
5 0.381275 0.516877 0.178783 0.839846 0.825918
0 0.437297 0.155045 0.0587732 0.0931107 0.734594
4 0.430481 0.336041 0.0691822 0.182144 0.695182
5 0.381275 0.516877 0.178783 0.839846 0.825918
0 0.437297 0.155045 0.0587732 0.0931107 0.734594
4 0.430481 0.336041 0.0691822 0.182144 0.695182
5 0.381275 0.516877 0.178783 0.839846 0.825918
0 0.437297 0.155045 0.0587732 0.0931107 0.734594
4 0.430481 0.336041 0.0691822 0.182144 0.695182
