5 0.254129 0.488514 0.297577 0.977029 0.903611
5 0.602557 0.474929 0.191219 0.942194 0.885511
4 0.285048 0.226979 0.137933 0.391152 0.816883
4 0.636305 0.276038 0.0964146 0.382743 0.786895
3 0.28365 0.0288262 0.0557746 0.0568032 0.69085
8 0.210157 0.253744 0.417301 0.506897 0.690622
2 0.627021 0.0675632 0.096176 0.122245 0.655309
5 0.254129 0.488514 0.297577 0.977029 0.903611
5 0.602557 0.474929 0.191219 0.942194 0.885511
4 0.285048 0.226979 0.137933 0.391152 0.816883
4 0.636305 0.276038 0.0964146 0.382743 0.786895
3 0.28365 0.0288262 0.0557746 0.0568032 0.69085
8 0.210157 0.253744 0.417301 0.506897 0.690622
2 0.627021 0.0675632 0.096176 0.122245 0.655309
5 0.254129 0.488514 0.297577 0.977029 0.903611
5 0.602557 0.474929 0.191219 0.942194 0.885511
4 0.285048 0.226979 0.137933 0.391152 0.816883
4 0.636305 0.276038 0.0964146 0.382743 0.786895
3 0.28365 0.0288262 0.0557746 0.0568032 0.69085
8 0.210157 0.253744 0.417301 0.506897 0.690622
2 0.627021 0.0675632 0.096176 0.122245 0.655309
5 0.254129 0.488514 0.297577 0.977029 0.903611
5 0.602557 0.474929 0.191219 0.942194 0.885511
4 0.285048 0.226979 0.137933 0.391152 0.816883
4 0.636305 0.276038 0.0964146 0.382743 0.786895
3 0.28365 0.0288262 0.0557746 0.0568032 0.69085
8 0.210157 0.253744 0.417301 0.506897 0.690622
2 0.627021 0.0675632 0.096176 0.122245 0.655309
