4 0.209975 0.371945 0.144732 0.24054 0.886176
5 0.241238 0.447815 0.274019 0.801731 0.839256
4 0.436993 0.188612 0.185426 0.377224 0.832668
5 0.39414 0.5 0.317439 1 0.774529
4 0.209975 0.371945 0.144732 0.24054 0.886176
5 0.241238 0.447815 0.274019 0.801731 0.839256
4 0.436993 0.188612 0.185426 0.377224 0.832668
5 0.39414 0.5 0.317439 1 0.774529
4 0.209975 0.371945 0.144732 0.24054 0.886176
5 0.241238 0.447815 0.274019 0.801731 0.839256
4 0.436993 0.188612 0.185426 0.377224 0.832668
5 0.39414 0.5 0.317439 1 0.774529
4 0.209975 0.371945 0.144732 0.24054 0.886176
5 0.241238 0.447815 0.274019 0.801731 0.839256
4 0.436993 0.188612 0.185426 0.377224 0.832668
5 0.39414 0.5 0.317439 1 0.774529
