5 0.587721 0.503669 0.223098 0.977609 0.883574
4 0.5861 0.325986 0.114083 0.371836 0.79335
0 0.345083 0.205231 0.0937564 0.187078 0.761312
5 0.372147 0.517736 0.179515 0.852348 0.755046
3 0.510931 0.124372 0.0861558 0.174008 0.608872
5 0.587721 0.503669 0.223098 0.977609 0.883574
4 0.5861 0.325986 0.114083 0.371836 0.79335
0 0.345083 0.205231 0.0937564 0.187078 0.761312
5 0.372147 0.517736 0.179515 0.852348 0.755046
3 0.510931 0.124372 0.0861558 0.174008 0.608872
5 0.587721 0.503669 0.223098 0.977609 0.883574
4 0.5861 0.325986 0.114083 0.371836 0.79335
0 0.345083 0.205231 0.0937564 0.187078 0.761312
5 0.372147 0.517736 0.179515 0.852348 0.755046
3 0.510931 0.124372 0.0861558 0.174008 0.608872
5 0.587721 0.503669 0.223098 0.977609 0.883574
4 0.5861 0.325986 0.114083 0.371836 0.79335
0 0.345083 0.205231 0.0937564 0.187078 0.761312
5 0.372147 0.517736 0.179515 0.852348 0.755046
3 0.510931 0.124372 0.0861558 0.174008 0.608872
