4 0.370059 0.355933 0.105632 0.287169 0.894006
5 0.585355 0.499801 0.232222 0.9995 0.845145
4 0.613226 0.195581 0.166202 0.391161 0.836201
5 0.369478 0.480684 0.186042 0.795841 0.783123
0 0.425876 0.142193 0.0784409 0.102136 0.779243
4 0.370059 0.355933 0.105632 0.287169 0.894006
5 0.585355 0.499801 0.232222 0.9995 0.845145
4 0.613226 0.195581 0.166202 0.391161 0.836201
5 0.369478 0.480684 0.186042 0.795841 0.783123
0 0.425876 0.142193 0.0784409 0.102136 0.779243
4 0.370059 0.355933 0.105632 0.287169 0.894006
5 0.585355 0.499801 0.232222 0.9995 0.845145
4 0.613226 0.195581 0.166202 0.391161 0.836201
5 0.369478 0.480684 0.186042 0.795841 0.783123
0 0.425876 0.142193 0.0784409 0.102136 0.779243
4 0.370059 0.355933 0.105632 0.287169 0.894006
5 0.585355 0.499801 0.232222 0.9995 0.845145
4 0.613226 0.195581 0.166202 0.391161 0.836201
5 0.369478 0.480684 0.186042 0.795841 0.783123
0 0.425876 0.142193 0.0784409 0.102136 0.779243
