5 0.107242 0.286451 0.214484 0.476946 0.920386
5 0.741168 0.50138 0.338029 0.996852 0.901225
4 0.743121 0.19122 0.244099 0.38244 0.896284
4 0.251478 0.116914 0.0734552 0.19887 0.605317
5 0.107242 0.286451 0.214484 0.476946 0.920386
5 0.741168 0.50138 0.338029 0.996852 0.901225
4 0.743121 0.19122 0.244099 0.38244 0.896284
4 0.251478 0.116914 0.0734552 0.19887 0.605317
5 0.107242 0.286451 0.214484 0.476946 0.920386
5 0.741168 0.50138 0.338029 0.996852 0.901225
4 0.743121 0.19122 0.244099 0.38244 0.896284
4 0.251478 0.116914 0.0734552 0.19887 0.605317
5 0.107242 0.286451 0.214484 0.476946 0.920386
5 0.741168 0.50138 0.338029 0.996852 0.901225
4 0.743121 0.19122 0.244099 0.38244 0.896284
4 0.251478 0.116914 0.0734552 0.19887 0.605317
