5 0.157432 0.500608 0.310361 0.998784 0.907018
5 0.368119 0.465214 0.19193 0.930428 0.87708
4 0.135897 0.165676 0.182329 0.331352 0.754109
4 0.437318 0.399284 0.051801 0.27018 0.605736
5 0.157432 0.500608 0.310361 0.998784 0.907018
5 0.368119 0.465214 0.19193 0.930428 0.87708
4 0.135897 0.165676 0.182329 0.331352 0.754109
4 0.437318 0.399284 0.051801 0.27018 0.605736
5 0.157432 0.500608 0.310361 0.998784 0.907018
5 0.368119 0.465214 0.19193 0.930428 0.87708
4 0.135897 0.165676 0.182329 0.331352 0.754109
4 0.437318 0.399284 0.051801 0.27018 0.605736
5 0.157432 0.500608 0.310361 0.998784 0.907018
5 0.368119 0.465214 0.19193 0.930428 0.87708
4 0.135897 0.165676 0.182329 0.331352 0.754109
4 0.437318 0.399284 0.051801 0.27018 0.605736
