5 0.5704 0.495772 0.249673 0.991544 0.91802
5 0.396 0.321986 0.156879 0.409252 0.885248
0 0.417839 0.184487 0.0778418 0.116722 0.752666
4 0.600801 0.178043 0.163697 0.356085 0.74422
3 0.418709 0.28411 0.0390003 0.0588315 0.732187
5 0.5704 0.495772 0.249673 0.991544 0.91802
5 0.396 0.321986 0.156879 0.409252 0.885248
0 0.417839 0.184487 0.0778418 0.116722 0.752666
4 0.600801 0.178043 0.163697 0.356085 0.74422
3 0.418709 0.28411 0.0390003 0.0588315 0.732187
5 0.5704 0.495772 0.249673 0.991544 0.91802
5 0.396 0.321986 0.156879 0.409252 0.885248
0 0.417839 0.184487 0.0778418 0.116722 0.752666
4 0.600801 0.178043 0.163697 0.356085 0.74422
3 0.418709 0.28411 0.0390003 0.0588315 0.732187
5 0.5704 0.495772 0.249673 0.991544 0.91802
5 0.396 0.321986 0.156879 0.409252 0.885248
0 0.417839 0.184487 0.0778418 0.116722 0.752666
4 0.600801 0.178043 0.163697 0.356085 0.74422
3 0.418709 0.28411 0.0390003 0.0588315 0.732187
