4 0.394963 0.325224 0.0994036 0.319321 0.883673
5 0.143579 0.500002 0.287157 0.996132 0.878768
5 0.352367 0.485213 0.202284 0.905894 0.873198
0 0.37227 0.0913492 0.0781923 0.0837052 0.78134
4 0.394963 0.325224 0.0994036 0.319321 0.883673
5 0.143579 0.500002 0.287157 0.996132 0.878768
5 0.352367 0.485213 0.202284 0.905894 0.873198
0 0.37227 0.0913492 0.0781923 0.0837052 0.78134
4 0.394963 0.325224 0.0994036 0.319321 0.883673
5 0.143579 0.500002 0.287157 0.996132 0.878768
5 0.352367 0.485213 0.202284 0.905894 0.873198
0 0.37227 0.0913492 0.0781923 0.0837052 0.78134
4 0.394963 0.325224 0.0994036 0.319321 0.883673
5 0.143579 0.500002 0.287157 0.996132 0.878768
5 0.352367 0.485213 0.202284 0.905894 0.873198
0 0.37227 0.0913492 0.0781923 0.0837052 0.78134
