5 0.164531 0.232719 0.302574 0.462035 0.811489
5 0.370724 0.503563 0.17863 0.939764 0.787398
4 0.431589 0.357363 0.062873 0.182538 0.620993
5 0.164531 0.232719 0.302574 0.462035 0.811489
5 0.370724 0.503563 0.17863 0.939764 0.787398
4 0.431589 0.357363 0.062873 0.182538 0.620993
5 0.164531 0.232719 0.302574 0.462035 0.811489
5 0.370724 0.503563 0.17863 0.939764 0.787398
4 0.431589 0.357363 0.062873 0.182538 0.620993
5 0.164531 0.232719 0.302574 0.462035 0.811489
5 0.370724 0.503563 0.17863 0.939764 0.787398
4 0.431589 0.357363 0.062873 0.182538 0.620993
