5 0.342417 0.458597 0.18398 0.858084 0.896558
5 0.139292 0.500393 0.278583 0.996942 0.883501
4 0.375157 0.323313 0.094317 0.318323 0.85914
0 0.356642 0.0883588 0.0773822 0.0933324 0.844905
4 0.169944 0.170859 0.149593 0.341719 0.821603
5 0.342417 0.458597 0.18398 0.858084 0.896558
5 0.139292 0.500393 0.278583 0.996942 0.883501
4 0.375157 0.323313 0.094317 0.318323 0.85914
0 0.356642 0.0883588 0.0773822 0.0933324 0.844905
4 0.169944 0.170859 0.149593 0.341719 0.821603
5 0.342417 0.458597 0.18398 0.858084 0.896558
5 0.139292 0.500393 0.278583 0.996942 0.883501
4 0.375157 0.323313 0.094317 0.318323 0.85914
0 0.356642 0.0883588 0.0773822 0.0933324 0.844905
4 0.169944 0.170859 0.149593 0.341719 0.821603
5 0.342417 0.458597 0.18398 0.858084 0.896558
5 0.139292 0.500393 0.278583 0.996942 0.883501
4 0.375157 0.323313 0.094317 0.318323 0.85914
0 0.356642 0.0883588 0.0773822 0.0933324 0.844905
4 0.169944 0.170859 0.149593 0.341719 0.821603
