0 0.371473 0.0937054 0.101072 0.140632 0.871099
5 0.231792 0.285432 0.257968 0.490569 0.821721
4 0.206873 0.360389 0.121642 0.30873 0.763715
3 0.257473 0.217187 0.0437457 0.0633789 0.659153
8 0.244413 0.267796 0.481433 0.523274 0.605351
0 0.371473 0.0937054 0.101072 0.140632 0.871099
5 0.231792 0.285432 0.257968 0.490569 0.821721
4 0.206873 0.360389 0.121642 0.30873 0.763715
3 0.257473 0.217187 0.0437457 0.0633789 0.659153
8 0.244413 0.267796 0.481433 0.523274 0.605351
0 0.371473 0.0937054 0.101072 0.140632 0.871099
5 0.231792 0.285432 0.257968 0.490569 0.821721
4 0.206873 0.360389 0.121642 0.30873 0.763715
3 0.257473 0.217187 0.0437457 0.0633789 0.659153
8 0.244413 0.267796 0.481433 0.523274 0.605351
0 0.371473 0.0937054 0.101072 0.140632 0.871099
5 0.231792 0.285432 0.257968 0.490569 0.821721
4 0.206873 0.360389 0.121642 0.30873 0.763715
3 0.257473 0.217187 0.0437457 0.0633789 0.659153
8 0.244413 0.267796 0.481433 0.523274 0.605351
