5 0.559912 0.499419 0.29384 0.998837 0.901646
2 0.400951 0.191617 0.0871001 0.141887 0.863691
5 0.358723 0.444741 0.229331 0.664002 0.855283
5 0.559912 0.499419 0.29384 0.998837 0.901646
2 0.400951 0.191617 0.0871001 0.141887 0.863691
5 0.358723 0.444741 0.229331 0.664002 0.855283
5 0.559912 0.499419 0.29384 0.998837 0.901646
2 0.400951 0.191617 0.0871001 0.141887 0.863691
5 0.358723 0.444741 0.229331 0.664002 0.855283
5 0.559912 0.499419 0.29384 0.998837 0.901646
2 0.400951 0.191617 0.0871001 0.141887 0.863691
5 0.358723 0.444741 0.229331 0.664002 0.855283
