5 0.757316 0.499498 0.267261 0.998997 0.907881
4 0.707881 0.175516 0.261799 0.351032 0.724069
5 0.353288 0.474962 0.220468 0.949924 0.655332
5 0.757316 0.499498 0.267261 0.998997 0.907881
4 0.707881 0.175516 0.261799 0.351032 0.724069
5 0.353288 0.474962 0.220468 0.949924 0.655332
5 0.757316 0.499498 0.267261 0.998997 0.907881
4 0.707881 0.175516 0.261799 0.351032 0.724069
5 0.353288 0.474962 0.220468 0.949924 0.655332
5 0.757316 0.499498 0.267261 0.998997 0.907881
4 0.707881 0.175516 0.261799 0.351032 0.724069
5 0.353288 0.474962 0.220468 0.949924 0.655332
