5 0.160943 0.499447 0.321181 0.998602 0.860867
5 0.367819 0.483422 0.196753 0.966844 0.853644
4 0.436714 0.398581 0.0530973 0.267082 0.672402
4 0.136296 0.164608 0.197141 0.329216 0.63655
5 0.160943 0.499447 0.321181 0.998602 0.860867
5 0.367819 0.483422 0.196753 0.966844 0.853644
4 0.436714 0.398581 0.0530973 0.267082 0.672402
4 0.136296 0.164608 0.197141 0.329216 0.63655
5 0.160943 0.499447 0.321181 0.998602 0.860867
5 0.367819 0.483422 0.196753 0.966844 0.853644
4 0.436714 0.398581 0.0530973 0.267082 0.672402
4 0.136296 0.164608 0.197141 0.329216 0.63655
5 0.160943 0.499447 0.321181 0.998602 0.860867
5 0.367819 0.483422 0.196753 0.966844 0.853644
4 0.436714 0.398581 0.0530973 0.267082 0.672402
4 0.136296 0.164608 0.197141 0.329216 0.63655
