5 0.486699 0.438977 0.300586 0.872626 0.818888
5 0.424076 0.249758 0.108109 0.499515 0.703651
5 0.440603 0.436373 0.205148 0.872746 0.701457
5 0.486699 0.438977 0.300586 0.872626 0.818888
5 0.424076 0.249758 0.108109 0.499515 0.703651
5 0.440603 0.436373 0.205148 0.872746 0.701457
5 0.486699 0.438977 0.300586 0.872626 0.818888
5 0.424076 0.249758 0.108109 0.499515 0.703651
5 0.440603 0.436373 0.205148 0.872746 0.701457
5 0.486699 0.438977 0.300586 0.872626 0.818888
5 0.424076 0.249758 0.108109 0.499515 0.703651
5 0.440603 0.436373 0.205148 0.872746 0.701457
