5 0.712167 0.498925 0.436882 0.997849 0.919735
4 0.732123 0.167837 0.271336 0.335674 0.81476
5 0.372015 0.493755 0.261541 0.98751 0.629366
5 0.712167 0.498925 0.436882 0.997849 0.919735
4 0.732123 0.167837 0.271336 0.335674 0.81476
5 0.372015 0.493755 0.261541 0.98751 0.629366
5 0.712167 0.498925 0.436882 0.997849 0.919735
4 0.732123 0.167837 0.271336 0.335674 0.81476
5 0.372015 0.493755 0.261541 0.98751 0.629366
5 0.712167 0.498925 0.436882 0.997849 0.919735
4 0.732123 0.167837 0.271336 0.335674 0.81476
5 0.372015 0.493755 0.261541 0.98751 0.629366
