5 0.229967 0.497366 0.420238 0.992741 0.859968
5 0.598083 0.465524 0.202134 0.885148 0.809209
4 0.268659 0.217386 0.166834 0.425248 0.800216
4 0.600118 0.294983 0.0979065 0.369549 0.75256
2 0.583342 0.0834093 0.0825759 0.0835261 0.705304
5 0.229967 0.497366 0.420238 0.992741 0.859968
5 0.598083 0.465524 0.202134 0.885148 0.809209
4 0.268659 0.217386 0.166834 0.425248 0.800216
4 0.600118 0.294983 0.0979065 0.369549 0.75256
2 0.583342 0.0834093 0.0825759 0.0835261 0.705304
5 0.229967 0.497366 0.420238 0.992741 0.859968
5 0.598083 0.465524 0.202134 0.885148 0.809209
4 0.268659 0.217386 0.166834 0.425248 0.800216
4 0.600118 0.294983 0.0979065 0.369549 0.75256
2 0.583342 0.0834093 0.0825759 0.0835261 0.705304
5 0.229967 0.497366 0.420238 0.992741 0.859968
5 0.598083 0.465524 0.202134 0.885148 0.809209
4 0.268659 0.217386 0.166834 0.425248 0.800216
4 0.600118 0.294983 0.0979065 0.369549 0.75256
2 0.583342 0.0834093 0.0825759 0.0835261 0.705304
