5 0.130733 0.289483 0.261398 0.443388 0.930334
5 0.841022 0.499782 0.315149 0.998608 0.91422
4 0.82538 0.170475 0.259774 0.340951 0.879284
0 0.150336 0.147336 0.102052 0.106165 0.765189
5 0.130733 0.289483 0.261398 0.443388 0.930334
5 0.841022 0.499782 0.315149 0.998608 0.91422
4 0.82538 0.170475 0.259774 0.340951 0.879284
0 0.150336 0.147336 0.102052 0.106165 0.765189
5 0.130733 0.289483 0.261398 0.443388 0.930334
5 0.841022 0.499782 0.315149 0.998608 0.91422
4 0.82538 0.170475 0.259774 0.340951 0.879284
0 0.150336 0.147336 0.102052 0.106165 0.765189
5 0.130733 0.289483 0.261398 0.443388 0.930334
5 0.841022 0.499782 0.315149 0.998608 0.91422
4 0.82538 0.170475 0.259774 0.340951 0.879284
0 0.150336 0.147336 0.102052 0.106165 0.765189
