0 0.387587 0.0972483 0.101552 0.143339 0.852717
4 0.206338 0.362038 0.135618 0.296932 0.846374
5 0.233731 0.286696 0.274591 0.487508 0.823984
0 0.263274 0.121327 0.0847952 0.109418 0.798371
3 0.263455 0.221982 0.0438485 0.068356 0.696789
0 0.387587 0.0972483 0.101552 0.143339 0.852717
4 0.206338 0.362038 0.135618 0.296932 0.846374
5 0.233731 0.286696 0.274591 0.487508 0.823984
0 0.263274 0.121327 0.0847952 0.109418 0.798371
3 0.263455 0.221982 0.0438485 0.068356 0.696789
0 0.387587 0.0972483 0.101552 0.143339 0.852717
4 0.206338 0.362038 0.135618 0.296932 0.846374
5 0.233731 0.286696 0.274591 0.487508 0.823984
0 0.263274 0.121327 0.0847952 0.109418 0.798371
3 0.263455 0.221982 0.0438485 0.068356 0.696789
0 0.387587 0.0972483 0.101552 0.143339 0.852717
4 0.206338 0.362038 0.135618 0.296932 0.846374
5 0.233731 0.286696 0.274591 0.487508 0.823984
0 0.263274 0.121327 0.0847952 0.109418 0.798371
3 0.263455 0.221982 0.0438485 0.068356 0.696789
