5 0.0983339 0.288573 0.196668 0.522835 0.909072
4 0.72135 0.168388 0.247064 0.336776 0.883272
5 0.730244 0.498457 0.354827 0.993084 0.881769
5 0.0983339 0.288573 0.196668 0.522835 0.909072
4 0.72135 0.168388 0.247064 0.336776 0.883272
5 0.730244 0.498457 0.354827 0.993084 0.881769
5 0.0983339 0.288573 0.196668 0.522835 0.909072
4 0.72135 0.168388 0.247064 0.336776 0.883272
5 0.730244 0.498457 0.354827 0.993084 0.881769
5 0.0983339 0.288573 0.196668 0.522835 0.909072
4 0.72135 0.168388 0.247064 0.336776 0.883272
5 0.730244 0.498457 0.354827 0.993084 0.881769
