5 0.148324 0.258286 0.296607 0.49578 0.933966
5 0.871198 0.500433 0.255533 0.998601 0.876457
0 0.164088 0.107234 0.0863087 0.120218 0.818746
5 0.67159 0.265822 0.274749 0.531048 0.724634
4 0.883964 0.178644 0.154538 0.357287 0.696818
5 0.148324 0.258286 0.296607 0.49578 0.933966
5 0.871198 0.500433 0.255533 0.998601 0.876457
0 0.164088 0.107234 0.0863087 0.120218 0.818746
5 0.67159 0.265822 0.274749 0.531048 0.724634
4 0.883964 0.178644 0.154538 0.357287 0.696818
5 0.148324 0.258286 0.296607 0.49578 0.933966
5 0.871198 0.500433 0.255533 0.998601 0.876457
0 0.164088 0.107234 0.0863087 0.120218 0.818746
5 0.67159 0.265822 0.274749 0.531048 0.724634
4 0.883964 0.178644 0.154538 0.357287 0.696818
5 0.148324 0.258286 0.296607 0.49578 0.933966
5 0.871198 0.500433 0.255533 0.998601 0.876457
0 0.164088 0.107234 0.0863087 0.120218 0.818746
5 0.67159 0.265822 0.274749 0.531048 0.724634
4 0.883964 0.178644 0.154538 0.357287 0.696818
