5 0.139755 0.499331 0.27951 0.998662 0.921867
5 0.322635 0.456001 0.201962 0.859344 0.901576
4 0.364731 0.316522 0.0968648 0.307318 0.891282
4 0.174733 0.16784 0.149075 0.33568 0.867127
0 0.349492 0.0891592 0.0835219 0.0915302 0.828473
5 0.139755 0.499331 0.27951 0.998662 0.921867
5 0.322635 0.456001 0.201962 0.859344 0.901576
4 0.364731 0.316522 0.0968648 0.307318 0.891282
4 0.174733 0.16784 0.149075 0.33568 0.867127
0 0.349492 0.0891592 0.0835219 0.0915302 0.828473
5 0.139755 0.499331 0.27951 0.998662 0.921867
5 0.322635 0.456001 0.201962 0.859344 0.901576
4 0.364731 0.316522 0.0968648 0.307318 0.891282
4 0.174733 0.16784 0.149075 0.33568 0.867127
0 0.349492 0.0891592 0.0835219 0.0915302 0.828473
5 0.139755 0.499331 0.27951 0.998662 0.921867
5 0.322635 0.456001 0.201962 0.859344 0.901576
4 0.364731 0.316522 0.0968648 0.307318 0.891282
4 0.174733 0.16784 0.149075 0.33568 0.867127
0 0.349492 0.0891592 0.0835219 0.0915302 0.828473
