5 0.152108 0.252427 0.304217 0.484162 0.9355
5 0.874886 0.50048 0.249753 0.995516 0.893702
4 0.910315 0.202674 0.170661 0.404608 0.870242
0 0.168706 0.0987483 0.0888856 0.113768 0.822283
5 0.678613 0.263397 0.293088 0.522878 0.65513
5 0.152108 0.252427 0.304217 0.484162 0.9355
5 0.874886 0.50048 0.249753 0.995516 0.893702
4 0.910315 0.202674 0.170661 0.404608 0.870242
0 0.168706 0.0987483 0.0888856 0.113768 0.822283
5 0.678613 0.263397 0.293088 0.522878 0.65513
5 0.152108 0.252427 0.304217 0.484162 0.9355
5 0.874886 0.50048 0.249753 0.995516 0.893702
4 0.910315 0.202674 0.170661 0.404608 0.870242
0 0.168706 0.0987483 0.0888856 0.113768 0.822283
5 0.678613 0.263397 0.293088 0.522878 0.65513
5 0.152108 0.252427 0.304217 0.484162 0.9355
5 0.874886 0.50048 0.249753 0.995516 0.893702
4 0.910315 0.202674 0.170661 0.404608 0.870242
0 0.168706 0.0987483 0.0888856 0.113768 0.822283
5 0.678613 0.263397 0.293088 0.522878 0.65513
