4 0.38277 0.35527 0.087575 0.226318 0.872037
5 0.372272 0.305856 0.16096 0.424987 0.8715
5 0.574934 0.499151 0.27229 0.997846 0.796723
4 0.60877 0.177166 0.162671 0.354332 0.747925
3 0.398337 0.25484 0.0345873 0.0512529 0.664909
4 0.38277 0.35527 0.087575 0.226318 0.872037
5 0.372272 0.305856 0.16096 0.424987 0.8715
5 0.574934 0.499151 0.27229 0.997846 0.796723
4 0.60877 0.177166 0.162671 0.354332 0.747925
3 0.398337 0.25484 0.0345873 0.0512529 0.664909
4 0.38277 0.35527 0.087575 0.226318 0.872037
5 0.372272 0.305856 0.16096 0.424987 0.8715
5 0.574934 0.499151 0.27229 0.997846 0.796723
4 0.60877 0.177166 0.162671 0.354332 0.747925
3 0.398337 0.25484 0.0345873 0.0512529 0.664909
4 0.38277 0.35527 0.087575 0.226318 0.872037
5 0.372272 0.305856 0.16096 0.424987 0.8715
5 0.574934 0.499151 0.27229 0.997846 0.796723
4 0.60877 0.177166 0.162671 0.354332 0.747925
3 0.398337 0.25484 0.0345873 0.0512529 0.664909
