5 0.190998 0.460461 0.381997 0.920923 0.853274
5 0.877705 0.589851 0.24459 0.819943 0.829952
5 0.831633 0.201337 0.330966 0.399321 0.604392
5 0.190998 0.460461 0.381997 0.920923 0.853274
5 0.877705 0.589851 0.24459 0.819943 0.829952
5 0.831633 0.201337 0.330966 0.399321 0.604392
5 0.190998 0.460461 0.381997 0.920923 0.853274
5 0.877705 0.589851 0.24459 0.819943 0.829952
5 0.831633 0.201337 0.330966 0.399321 0.604392
5 0.190998 0.460461 0.381997 0.920923 0.853274
5 0.877705 0.589851 0.24459 0.819943 0.829952
5 0.831633 0.201337 0.330966 0.399321 0.604392
