5 0.692319 0.5 0.435919 1 0.900932
4 0.663097 0.175621 0.286885 0.351242 0.729079
5 0.361996 0.485325 0.197104 0.97065 0.700835
5 0.692319 0.5 0.435919 1 0.900932
4 0.663097 0.175621 0.286885 0.351242 0.729079
5 0.361996 0.485325 0.197104 0.97065 0.700835
5 0.692319 0.5 0.435919 1 0.900932
4 0.663097 0.175621 0.286885 0.351242 0.729079
5 0.361996 0.485325 0.197104 0.97065 0.700835
5 0.692319 0.5 0.435919 1 0.900932
4 0.663097 0.175621 0.286885 0.351242 0.729079
5 0.361996 0.485325 0.197104 0.97065 0.700835
