5 0.157179 0.500204 0.313141 0.999592 0.911968
5 0.369317 0.444852 0.190257 0.889705 0.866994
4 0.13845 0.168211 0.159585 0.336422 0.640509
5 0.157179 0.500204 0.313141 0.999592 0.911968
5 0.369317 0.444852 0.190257 0.889705 0.866994
4 0.13845 0.168211 0.159585 0.336422 0.640509
5 0.157179 0.500204 0.313141 0.999592 0.911968
5 0.369317 0.444852 0.190257 0.889705 0.866994
4 0.13845 0.168211 0.159585 0.336422 0.640509
5 0.157179 0.500204 0.313141 0.999592 0.911968
5 0.369317 0.444852 0.190257 0.889705 0.866994
4 0.13845 0.168211 0.159585 0.336422 0.640509
