5 0.194296 0.499274 0.374504 0.997102 0.906098
5 0.386241 0.414981 0.156264 0.826757 0.809891
4 0.43703 0.393875 0.0523209 0.274032 0.788142
5 0.194296 0.499274 0.374504 0.997102 0.906098
5 0.386241 0.414981 0.156264 0.826757 0.809891
4 0.43703 0.393875 0.0523209 0.274032 0.788142
5 0.194296 0.499274 0.374504 0.997102 0.906098
5 0.386241 0.414981 0.156264 0.826757 0.809891
4 0.43703 0.393875 0.0523209 0.274032 0.788142
5 0.194296 0.499274 0.374504 0.997102 0.906098
5 0.386241 0.414981 0.156264 0.826757 0.809891
4 0.43703 0.393875 0.0523209 0.274032 0.788142
