5 0.56418 0.497798 0.258489 0.994054 0.878972
5 0.415112 0.276052 0.120214 0.492772 0.792077
4 0.584909 0.175731 0.167248 0.351461 0.636889
5 0.56418 0.497798 0.258489 0.994054 0.878972
5 0.415112 0.276052 0.120214 0.492772 0.792077
4 0.584909 0.175731 0.167248 0.351461 0.636889
5 0.56418 0.497798 0.258489 0.994054 0.878972
5 0.415112 0.276052 0.120214 0.492772 0.792077
4 0.584909 0.175731 0.167248 0.351461 0.636889
5 0.56418 0.497798 0.258489 0.994054 0.878972
5 0.415112 0.276052 0.120214 0.492772 0.792077
4 0.584909 0.175731 0.167248 0.351461 0.636889
