5 0.296369 0.468719 0.217959 0.808544 0.891217
4 0.588564 0.190757 0.180616 0.381514 0.824171
4 0.266401 0.337991 0.119507 0.283679 0.8076
0 0.345726 0.136043 0.0755633 0.104161 0.800772
5 0.540156 0.499578 0.292067 0.997625 0.785822
8 0.0500572 0.611097 0.100114 0.380271 0.776808
4 0.42633 0.129614 0.0570072 0.259228 0.763684
3 0.343314 0.218548 0.0328984 0.0638705 0.678846
5 0.296369 0.468719 0.217959 0.808544 0.891217
4 0.588564 0.190757 0.180616 0.381514 0.824171
4 0.266401 0.337991 0.119507 0.283679 0.8076
0 0.345726 0.136043 0.0755633 0.104161 0.800772
5 0.540156 0.499578 0.292067 0.997625 0.785822
8 0.0500572 0.611097 0.100114 0.380271 0.776808
4 0.42633 0.129614 0.0570072 0.259228 0.763684
3 0.343314 0.218548 0.0328984 0.0638705 0.678846
5 0.296369 0.468719 0.217959 0.808544 0.891217
4 0.588564 0.190757 0.180616 0.381514 0.824171
4 0.266401 0.337991 0.119507 0.283679 0.8076
0 0.345726 0.136043 0.0755633 0.104161 0.800772
5 0.540156 0.499578 0.292067 0.997625 0.785822
8 0.0500572 0.611097 0.100114 0.380271 0.776808
4 0.42633 0.129614 0.0570072 0.259228 0.763684
3 0.343314 0.218548 0.0328984 0.0638705 0.678846
5 0.296369 0.468719 0.217959 0.808544 0.891217
4 0.588564 0.190757 0.180616 0.381514 0.824171
4 0.266401 0.337991 0.119507 0.283679 0.8076
0 0.345726 0.136043 0.0755633 0.104161 0.800772
5 0.540156 0.499578 0.292067 0.997625 0.785822
8 0.0500572 0.611097 0.100114 0.380271 0.776808
4 0.42633 0.129614 0.0570072 0.259228 0.763684
3 0.343314 0.218548 0.0328984 0.0638705 0.678846
