5 0.591016 0.500001 0.212408 0.990515 0.89052
4 0.406836 0.319802 0.12561 0.29445 0.857498
3 0.505816 0.100293 0.068857 0.19018 0.708539
5 0.370092 0.532779 0.187661 0.894716 0.701257
4 0.586306 0.273409 0.11177 0.302168 0.690597
2 0.344991 0.199831 0.091805 0.183133 0.656613
5 0.591016 0.500001 0.212408 0.990515 0.89052
4 0.406836 0.319802 0.12561 0.29445 0.857498
3 0.505816 0.100293 0.068857 0.19018 0.708539
5 0.370092 0.532779 0.187661 0.894716 0.701257
4 0.586306 0.273409 0.11177 0.302168 0.690597
2 0.344991 0.199831 0.091805 0.183133 0.656613
5 0.591016 0.500001 0.212408 0.990515 0.89052
4 0.406836 0.319802 0.12561 0.29445 0.857498
3 0.505816 0.100293 0.068857 0.19018 0.708539
5 0.370092 0.532779 0.187661 0.894716 0.701257
4 0.586306 0.273409 0.11177 0.302168 0.690597
2 0.344991 0.199831 0.091805 0.183133 0.656613
5 0.591016 0.500001 0.212408 0.990515 0.89052
4 0.406836 0.319802 0.12561 0.29445 0.857498
3 0.505816 0.100293 0.068857 0.19018 0.708539
5 0.370092 0.532779 0.187661 0.894716 0.701257
4 0.586306 0.273409 0.11177 0.302168 0.690597
2 0.344991 0.199831 0.091805 0.183133 0.656613
