5 0.266607 0.495766 0.267489 0.991533 0.903092
4 0.289531 0.247475 0.127311 0.388524 0.893519
4 0.650041 0.273158 0.107395 0.377679 0.884209
5 0.616642 0.486322 0.214727 0.971999 0.875704
8 0.2143 0.271222 0.426155 0.538133 0.726198
3 0.287039 0.0510746 0.0461865 0.0516403 0.634804
5 0.266607 0.495766 0.267489 0.991533 0.903092
4 0.289531 0.247475 0.127311 0.388524 0.893519
4 0.650041 0.273158 0.107395 0.377679 0.884209
5 0.616642 0.486322 0.214727 0.971999 0.875704
8 0.2143 0.271222 0.426155 0.538133 0.726198
3 0.287039 0.0510746 0.0461865 0.0516403 0.634804
5 0.266607 0.495766 0.267489 0.991533 0.903092
4 0.289531 0.247475 0.127311 0.388524 0.893519
4 0.650041 0.273158 0.107395 0.377679 0.884209
5 0.616642 0.486322 0.214727 0.971999 0.875704
8 0.2143 0.271222 0.426155 0.538133 0.726198
3 0.287039 0.0510746 0.0461865 0.0516403 0.634804
5 0.266607 0.495766 0.267489 0.991533 0.903092
4 0.289531 0.247475 0.127311 0.388524 0.893519
4 0.650041 0.273158 0.107395 0.377679 0.884209
5 0.616642 0.486322 0.214727 0.971999 0.875704
8 0.2143 0.271222 0.426155 0.538133 0.726198
3 0.287039 0.0510746 0.0461865 0.0516403 0.634804
