5 0.372234 0.488722 0.177599 0.957266 0.752943
5 0.169656 0.235524 0.303991 0.467445 0.633203
4 0.433054 0.358472 0.0623362 0.166576 0.607709
5 0.372234 0.488722 0.177599 0.957266 0.752943
5 0.169656 0.235524 0.303991 0.467445 0.633203
4 0.433054 0.358472 0.0623362 0.166576 0.607709
5 0.372234 0.488722 0.177599 0.957266 0.752943
5 0.169656 0.235524 0.303991 0.467445 0.633203
4 0.433054 0.358472 0.0623362 0.166576 0.607709
5 0.372234 0.488722 0.177599 0.957266 0.752943
5 0.169656 0.235524 0.303991 0.467445 0.633203
4 0.433054 0.358472 0.0623362 0.166576 0.607709
