0 0.374001 0.160041 0.0903772 0.10532 0.857028
4 0.60463 0.195161 0.238497 0.390321 0.833501
5 0.600861 0.500447 0.319308 0.99901 0.81911
0 0.374001 0.160041 0.0903772 0.10532 0.857028
4 0.60463 0.195161 0.238497 0.390321 0.833501
5 0.600861 0.500447 0.319308 0.99901 0.81911
0 0.374001 0.160041 0.0903772 0.10532 0.857028
4 0.60463 0.195161 0.238497 0.390321 0.833501
5 0.600861 0.500447 0.319308 0.99901 0.81911
0 0.374001 0.160041 0.0903772 0.10532 0.857028
4 0.60463 0.195161 0.238497 0.390321 0.833501
5 0.600861 0.500447 0.319308 0.99901 0.81911
