5 0.322783 0.500886 0.390731 0.998216 0.896429
4 0.183158 0.352724 0.114114 0.273306 0.854047
8 0.280612 0.501907 0.552049 0.996187 0.808659
5 0.190811 0.41735 0.161938 0.772318 0.803793
4 0.394554 0.187819 0.199477 0.375637 0.761813
5 0.322783 0.500886 0.390731 0.998216 0.896429
4 0.183158 0.352724 0.114114 0.273306 0.854047
8 0.280612 0.501907 0.552049 0.996187 0.808659
5 0.190811 0.41735 0.161938 0.772318 0.803793
4 0.394554 0.187819 0.199477 0.375637 0.761813
5 0.322783 0.500886 0.390731 0.998216 0.896429
4 0.183158 0.352724 0.114114 0.273306 0.854047
8 0.280612 0.501907 0.552049 0.996187 0.808659
5 0.190811 0.41735 0.161938 0.772318 0.803793
4 0.394554 0.187819 0.199477 0.375637 0.761813
5 0.322783 0.500886 0.390731 0.998216 0.896429
4 0.183158 0.352724 0.114114 0.273306 0.854047
8 0.280612 0.501907 0.552049 0.996187 0.808659
5 0.190811 0.41735 0.161938 0.772318 0.803793
4 0.394554 0.187819 0.199477 0.375637 0.761813
