5 0.242286 0.498911 0.420472 0.997323 0.88516
5 0.410319 0.293583 0.1099 0.578479 0.698579
4 0.437131 0.402533 0.0522899 0.282351 0.685196
5 0.412311 0.470256 0.108644 0.939124 0.605887
5 0.242286 0.498911 0.420472 0.997323 0.88516
5 0.410319 0.293583 0.1099 0.578479 0.698579
4 0.437131 0.402533 0.0522899 0.282351 0.685196
5 0.412311 0.470256 0.108644 0.939124 0.605887
5 0.242286 0.498911 0.420472 0.997323 0.88516
5 0.410319 0.293583 0.1099 0.578479 0.698579
4 0.437131 0.402533 0.0522899 0.282351 0.685196
5 0.412311 0.470256 0.108644 0.939124 0.605887
5 0.242286 0.498911 0.420472 0.997323 0.88516
5 0.410319 0.293583 0.1099 0.578479 0.698579
4 0.437131 0.402533 0.0522899 0.282351 0.685196
5 0.412311 0.470256 0.108644 0.939124 0.605887
