5 0.2873 0.494802 0.228151 0.987402 0.89921
5 0.620243 0.475042 0.214576 0.947797 0.898087
4 0.296057 0.265411 0.122714 0.371824 0.880278
4 0.662938 0.265589 0.116998 0.383234 0.875805
0 0.653759 0.0426902 0.105755 0.0798315 0.805968
3 0.291072 0.0837234 0.0470648 0.0551538 0.641609
5 0.2873 0.494802 0.228151 0.987402 0.89921
5 0.620243 0.475042 0.214576 0.947797 0.898087
4 0.296057 0.265411 0.122714 0.371824 0.880278
4 0.662938 0.265589 0.116998 0.383234 0.875805
0 0.653759 0.0426902 0.105755 0.0798315 0.805968
3 0.291072 0.0837234 0.0470648 0.0551538 0.641609
5 0.2873 0.494802 0.228151 0.987402 0.89921
5 0.620243 0.475042 0.214576 0.947797 0.898087
4 0.296057 0.265411 0.122714 0.371824 0.880278
4 0.662938 0.265589 0.116998 0.383234 0.875805
0 0.653759 0.0426902 0.105755 0.0798315 0.805968
3 0.291072 0.0837234 0.0470648 0.0551538 0.641609
5 0.2873 0.494802 0.228151 0.987402 0.89921
5 0.620243 0.475042 0.214576 0.947797 0.898087
4 0.296057 0.265411 0.122714 0.371824 0.880278
4 0.662938 0.265589 0.116998 0.383234 0.875805
0 0.653759 0.0426902 0.105755 0.0798315 0.805968
3 0.291072 0.0837234 0.0470648 0.0551538 0.641609
