5 0.238088 0.487313 0.284577 0.741976 0.880615
4 0.216953 0.372029 0.151852 0.24447 0.833956
5 0.413673 0.4991 0.357547 0.998199 0.831461
5 0.238088 0.487313 0.284577 0.741976 0.880615
4 0.216953 0.372029 0.151852 0.24447 0.833956
5 0.413673 0.4991 0.357547 0.998199 0.831461
5 0.238088 0.487313 0.284577 0.741976 0.880615
4 0.216953 0.372029 0.151852 0.24447 0.833956
5 0.413673 0.4991 0.357547 0.998199 0.831461
5 0.238088 0.487313 0.284577 0.741976 0.880615
4 0.216953 0.372029 0.151852 0.24447 0.833956
5 0.413673 0.4991 0.357547 0.998199 0.831461
