5 0.123588 0.28915 0.247176 0.449178 0.936624
5 0.821196 0.5 0.349494 1 0.877091
4 0.805093 0.168493 0.248209 0.336985 0.852396
5 0.123588 0.28915 0.247176 0.449178 0.936624
5 0.821196 0.5 0.349494 1 0.877091
4 0.805093 0.168493 0.248209 0.336985 0.852396
5 0.123588 0.28915 0.247176 0.449178 0.936624
5 0.821196 0.5 0.349494 1 0.877091
4 0.805093 0.168493 0.248209 0.336985 0.852396
5 0.123588 0.28915 0.247176 0.449178 0.936624
5 0.821196 0.5 0.349494 1 0.877091
4 0.805093 0.168493 0.248209 0.336985 0.852396
