5 0.376489 0.434499 0.17172 0.868998 0.788359
4 0.434504 0.344412 0.0579272 0.202563 0.645466
1 0.068403 0.229185 0.136806 0.45837 0.60271
5 0.376489 0.434499 0.17172 0.868998 0.788359
4 0.434504 0.344412 0.0579272 0.202563 0.645466
1 0.068403 0.229185 0.136806 0.45837 0.60271
5 0.376489 0.434499 0.17172 0.868998 0.788359
4 0.434504 0.344412 0.0579272 0.202563 0.645466
1 0.068403 0.229185 0.136806 0.45837 0.60271
5 0.376489 0.434499 0.17172 0.868998 0.788359
4 0.434504 0.344412 0.0579272 0.202563 0.645466
1 0.068403 0.229185 0.136806 0.45837 0.60271
