5 0.675411 0.498698 0.470772 0.997397 0.878574
4 0.653851 0.203554 0.259964 0.407107 0.775367
5 0.353474 0.511883 0.304441 0.976234 0.622928
5 0.675411 0.498698 0.470772 0.997397 0.878574
4 0.653851 0.203554 0.259964 0.407107 0.775367
5 0.353474 0.511883 0.304441 0.976234 0.622928
5 0.675411 0.498698 0.470772 0.997397 0.878574
4 0.653851 0.203554 0.259964 0.407107 0.775367
5 0.353474 0.511883 0.304441 0.976234 0.622928
5 0.675411 0.498698 0.470772 0.997397 0.878574
4 0.653851 0.203554 0.259964 0.407107 0.775367
5 0.353474 0.511883 0.304441 0.976234 0.622928
