5 0.317893 0.447336 0.180845 0.839166 0.900788
4 0.354245 0.31119 0.10059 0.29663 0.893527
4 0.18116 0.171527 0.146873 0.343054 0.874676
0 0.341193 0.0895255 0.0794032 0.0891156 0.811508
5 0.135149 0.224699 0.270298 0.447953 0.797085
5 0.137855 0.399862 0.275709 0.799011 0.75065
5 0.158017 0.686989 0.248344 0.620549 0.6173
5 0.317893 0.447336 0.180845 0.839166 0.900788
4 0.354245 0.31119 0.10059 0.29663 0.893527
4 0.18116 0.171527 0.146873 0.343054 0.874676
0 0.341193 0.0895255 0.0794032 0.0891156 0.811508
5 0.135149 0.224699 0.270298 0.447953 0.797085
5 0.137855 0.399862 0.275709 0.799011 0.75065
5 0.158017 0.686989 0.248344 0.620549 0.6173
5 0.317893 0.447336 0.180845 0.839166 0.900788
4 0.354245 0.31119 0.10059 0.29663 0.893527
4 0.18116 0.171527 0.146873 0.343054 0.874676
0 0.341193 0.0895255 0.0794032 0.0891156 0.811508
5 0.135149 0.224699 0.270298 0.447953 0.797085
5 0.137855 0.399862 0.275709 0.799011 0.75065
5 0.158017 0.686989 0.248344 0.620549 0.6173
5 0.317893 0.447336 0.180845 0.839166 0.900788
4 0.354245 0.31119 0.10059 0.29663 0.893527
4 0.18116 0.171527 0.146873 0.343054 0.874676
0 0.341193 0.0895255 0.0794032 0.0891156 0.811508
5 0.135149 0.224699 0.270298 0.447953 0.797085
5 0.137855 0.399862 0.275709 0.799011 0.75065
5 0.158017 0.686989 0.248344 0.620549 0.6173
