4 0.205244 0.173362 0.158405 0.346724 0.867599
0 0.302895 0.121391 0.0693053 0.0881971 0.829705
5 0.227265 0.514254 0.283577 0.968099 0.813216
4 0.205244 0.173362 0.158405 0.346724 0.867599
0 0.302895 0.121391 0.0693053 0.0881971 0.829705
5 0.227265 0.514254 0.283577 0.968099 0.813216
4 0.205244 0.173362 0.158405 0.346724 0.867599
0 0.302895 0.121391 0.0693053 0.0881971 0.829705
5 0.227265 0.514254 0.283577 0.968099 0.813216
4 0.205244 0.173362 0.158405 0.346724 0.867599
0 0.302895 0.121391 0.0693053 0.0881971 0.829705
5 0.227265 0.514254 0.283577 0.968099 0.813216
