5 0.376173 0.521342 0.173311 0.758683 0.796157
4 0.430808 0.350679 0.0645528 0.168187 0.79505
5 0.151733 0.231371 0.301658 0.459977 0.641275
5 0.376173 0.521342 0.173311 0.758683 0.796157
4 0.430808 0.350679 0.0645528 0.168187 0.79505
5 0.151733 0.231371 0.301658 0.459977 0.641275
5 0.376173 0.521342 0.173311 0.758683 0.796157
4 0.430808 0.350679 0.0645528 0.168187 0.79505
5 0.151733 0.231371 0.301658 0.459977 0.641275
5 0.376173 0.521342 0.173311 0.758683 0.796157
4 0.430808 0.350679 0.0645528 0.168187 0.79505
5 0.151733 0.231371 0.301658 0.459977 0.641275
