4 0.075239 0.158384 0.150478 0.316768 0.836506
5 0.379972 0.470003 0.169988 0.911027 0.796508
4 0.434801 0.350088 0.0567894 0.206915 0.631441
4 0.075239 0.158384 0.150478 0.316768 0.836506
5 0.379972 0.470003 0.169988 0.911027 0.796508
4 0.434801 0.350088 0.0567894 0.206915 0.631441
4 0.075239 0.158384 0.150478 0.316768 0.836506
5 0.379972 0.470003 0.169988 0.911027 0.796508
4 0.434801 0.350088 0.0567894 0.206915 0.631441
4 0.075239 0.158384 0.150478 0.316768 0.836506
5 0.379972 0.470003 0.169988 0.911027 0.796508
4 0.434801 0.350088 0.0567894 0.206915 0.631441
