5 0.562356 0.496417 0.253654 0.991421 0.924531
4 0.599409 0.176306 0.160221 0.352612 0.852234
5 0.386805 0.313877 0.157257 0.424759 0.769619
3 0.404631 0.269609 0.0406107 0.060769 0.623056
5 0.562356 0.496417 0.253654 0.991421 0.924531
4 0.599409 0.176306 0.160221 0.352612 0.852234
5 0.386805 0.313877 0.157257 0.424759 0.769619
3 0.404631 0.269609 0.0406107 0.060769 0.623056
5 0.562356 0.496417 0.253654 0.991421 0.924531
4 0.599409 0.176306 0.160221 0.352612 0.852234
5 0.386805 0.313877 0.157257 0.424759 0.769619
3 0.404631 0.269609 0.0406107 0.060769 0.623056
5 0.562356 0.496417 0.253654 0.991421 0.924531
4 0.599409 0.176306 0.160221 0.352612 0.852234
5 0.386805 0.313877 0.157257 0.424759 0.769619
3 0.404631 0.269609 0.0406107 0.060769 0.623056
