5 0.293999 0.46566 0.220244 0.799337 0.890207
5 0.537966 0.499887 0.324556 0.999707 0.81755
4 0.275472 0.341466 0.125633 0.288018 0.811271
0 0.351811 0.133414 0.0780603 0.10182 0.788321
3 0.348671 0.211072 0.0299519 0.0617553 0.66428
5 0.627755 0.499516 0.139198 0.998568 0.624794
5 0.293999 0.46566 0.220244 0.799337 0.890207
5 0.537966 0.499887 0.324556 0.999707 0.81755
4 0.275472 0.341466 0.125633 0.288018 0.811271
0 0.351811 0.133414 0.0780603 0.10182 0.788321
3 0.348671 0.211072 0.0299519 0.0617553 0.66428
5 0.627755 0.499516 0.139198 0.998568 0.624794
5 0.293999 0.46566 0.220244 0.799337 0.890207
5 0.537966 0.499887 0.324556 0.999707 0.81755
4 0.275472 0.341466 0.125633 0.288018 0.811271
0 0.351811 0.133414 0.0780603 0.10182 0.788321
3 0.348671 0.211072 0.0299519 0.0617553 0.66428
5 0.627755 0.499516 0.139198 0.998568 0.624794
5 0.293999 0.46566 0.220244 0.799337 0.890207
5 0.537966 0.499887 0.324556 0.999707 0.81755
4 0.275472 0.341466 0.125633 0.288018 0.811271
0 0.351811 0.133414 0.0780603 0.10182 0.788321
3 0.348671 0.211072 0.0299519 0.0617553 0.66428
5 0.627755 0.499516 0.139198 0.998568 0.624794
