0 0.441625 0.0686347 0.0914515 0.134555 0.850694
5 0.248469 0.326093 0.343931 0.422551 0.843779
0 0.305313 0.198207 0.0890123 0.132062 0.82061
3 0.293774 0.283324 0.0366775 0.0670265 0.813986
0 0.441625 0.0686347 0.0914515 0.134555 0.850694
5 0.248469 0.326093 0.343931 0.422551 0.843779
0 0.305313 0.198207 0.0890123 0.132062 0.82061
3 0.293774 0.283324 0.0366775 0.0670265 0.813986
0 0.441625 0.0686347 0.0914515 0.134555 0.850694
5 0.248469 0.326093 0.343931 0.422551 0.843779
0 0.305313 0.198207 0.0890123 0.132062 0.82061
3 0.293774 0.283324 0.0366775 0.0670265 0.813986
0 0.441625 0.0686347 0.0914515 0.134555 0.850694
5 0.248469 0.326093 0.343931 0.422551 0.843779
0 0.305313 0.198207 0.0890123 0.132062 0.82061
3 0.293774 0.283324 0.0366775 0.0670265 0.813986
