4 0.425245 0.187087 0.181615 0.374175 0.890857
4 0.19908 0.367659 0.152741 0.243771 0.887028
5 0.224393 0.452221 0.238758 0.808744 0.877029
5 0.401818 0.499761 0.300154 0.998393 0.852151
4 0.425245 0.187087 0.181615 0.374175 0.890857
4 0.19908 0.367659 0.152741 0.243771 0.887028
5 0.224393 0.452221 0.238758 0.808744 0.877029
5 0.401818 0.499761 0.300154 0.998393 0.852151
4 0.425245 0.187087 0.181615 0.374175 0.890857
4 0.19908 0.367659 0.152741 0.243771 0.887028
5 0.224393 0.452221 0.238758 0.808744 0.877029
5 0.401818 0.499761 0.300154 0.998393 0.852151
4 0.425245 0.187087 0.181615 0.374175 0.890857
4 0.19908 0.367659 0.152741 0.243771 0.887028
5 0.224393 0.452221 0.238758 0.808744 0.877029
5 0.401818 0.499761 0.300154 0.998393 0.852151
