4 0.404348 0.330391 0.0952287 0.333679 0.866521
5 0.363851 0.487247 0.200365 0.887872 0.837707
0 0.37937 0.102503 0.0795017 0.0959116 0.828463
5 0.188893 0.501198 0.189993 0.997422 0.750398
5 0.147561 0.500274 0.281884 0.99632 0.718443
4 0.404348 0.330391 0.0952287 0.333679 0.866521
5 0.363851 0.487247 0.200365 0.887872 0.837707
0 0.37937 0.102503 0.0795017 0.0959116 0.828463
5 0.188893 0.501198 0.189993 0.997422 0.750398
5 0.147561 0.500274 0.281884 0.99632 0.718443
4 0.404348 0.330391 0.0952287 0.333679 0.866521
5 0.363851 0.487247 0.200365 0.887872 0.837707
0 0.37937 0.102503 0.0795017 0.0959116 0.828463
5 0.188893 0.501198 0.189993 0.997422 0.750398
5 0.147561 0.500274 0.281884 0.99632 0.718443
4 0.404348 0.330391 0.0952287 0.333679 0.866521
5 0.363851 0.487247 0.200365 0.887872 0.837707
0 0.37937 0.102503 0.0795017 0.0959116 0.828463
5 0.188893 0.501198 0.189993 0.997422 0.750398
5 0.147561 0.500274 0.281884 0.99632 0.718443
