4 0.380524 0.359024 0.0876502 0.237202 0.885875
5 0.372696 0.306527 0.161673 0.42396 0.883779
0 0.397584 0.150715 0.0850646 0.109381 0.817055
5 0.579427 0.498262 0.27729 0.996525 0.804893
4 0.607285 0.174295 0.163534 0.348591 0.77317
3 0.39816 0.255662 0.0336875 0.0495845 0.696118
4 0.380524 0.359024 0.0876502 0.237202 0.885875
5 0.372696 0.306527 0.161673 0.42396 0.883779
0 0.397584 0.150715 0.0850646 0.109381 0.817055
5 0.579427 0.498262 0.27729 0.996525 0.804893
4 0.607285 0.174295 0.163534 0.348591 0.77317
3 0.39816 0.255662 0.0336875 0.0495845 0.696118
4 0.380524 0.359024 0.0876502 0.237202 0.885875
5 0.372696 0.306527 0.161673 0.42396 0.883779
0 0.397584 0.150715 0.0850646 0.109381 0.817055
5 0.579427 0.498262 0.27729 0.996525 0.804893
4 0.607285 0.174295 0.163534 0.348591 0.77317
3 0.39816 0.255662 0.0336875 0.0495845 0.696118
4 0.380524 0.359024 0.0876502 0.237202 0.885875
5 0.372696 0.306527 0.161673 0.42396 0.883779
0 0.397584 0.150715 0.0850646 0.109381 0.817055
5 0.579427 0.498262 0.27729 0.996525 0.804893
4 0.607285 0.174295 0.163534 0.348591 0.77317
3 0.39816 0.255662 0.0336875 0.0495845 0.696118
