4 0.69443 0.162091 0.248397 0.324182 0.898783
5 0.719136 0.498916 0.356661 0.997167 0.88916
5 0.0937066 0.266606 0.187291 0.532411 0.888078
4 0.69443 0.162091 0.248397 0.324182 0.898783
5 0.719136 0.498916 0.356661 0.997167 0.88916
5 0.0937066 0.266606 0.187291 0.532411 0.888078
4 0.69443 0.162091 0.248397 0.324182 0.898783
5 0.719136 0.498916 0.356661 0.997167 0.88916
5 0.0937066 0.266606 0.187291 0.532411 0.888078
4 0.69443 0.162091 0.248397 0.324182 0.898783
5 0.719136 0.498916 0.356661 0.997167 0.88916
5 0.0937066 0.266606 0.187291 0.532411 0.888078
