5 0.564404 0.495825 0.244259 0.99165 0.918736
5 0.409311 0.325577 0.164063 0.410703 0.858331
3 0.432699 0.284139 0.0428964 0.0641423 0.772395
4 0.602237 0.17398 0.159867 0.34796 0.712032
7 0.421032 0.403609 0.0918572 0.241843 0.65507
0 0.430015 0.185546 0.0800079 0.117842 0.605536
5 0.564404 0.495825 0.244259 0.99165 0.918736
5 0.409311 0.325577 0.164063 0.410703 0.858331
3 0.432699 0.284139 0.0428964 0.0641423 0.772395
4 0.602237 0.17398 0.159867 0.34796 0.712032
7 0.421032 0.403609 0.0918572 0.241843 0.65507
0 0.430015 0.185546 0.0800079 0.117842 0.605536
5 0.564404 0.495825 0.244259 0.99165 0.918736
5 0.409311 0.325577 0.164063 0.410703 0.858331
3 0.432699 0.284139 0.0428964 0.0641423 0.772395
4 0.602237 0.17398 0.159867 0.34796 0.712032
7 0.421032 0.403609 0.0918572 0.241843 0.65507
0 0.430015 0.185546 0.0800079 0.117842 0.605536
5 0.564404 0.495825 0.244259 0.99165 0.918736
5 0.409311 0.325577 0.164063 0.410703 0.858331
3 0.432699 0.284139 0.0428964 0.0641423 0.772395
4 0.602237 0.17398 0.159867 0.34796 0.712032
7 0.421032 0.403609 0.0918572 0.241843 0.65507
0 0.430015 0.185546 0.0800079 0.117842 0.605536
