5 0.858414 0.501289 0.274375 0.997318 0.878776
5 0.325805 0.477619 0.443585 0.95437 0.689267
5 0.26028 0.484224 0.308664 0.967203 0.688603
5 0.858414 0.501289 0.274375 0.997318 0.878776
5 0.325805 0.477619 0.443585 0.95437 0.689267
5 0.26028 0.484224 0.308664 0.967203 0.688603
5 0.858414 0.501289 0.274375 0.997318 0.878776
5 0.325805 0.477619 0.443585 0.95437 0.689267
5 0.26028 0.484224 0.308664 0.967203 0.688603
5 0.858414 0.501289 0.274375 0.997318 0.878776
5 0.325805 0.477619 0.443585 0.95437 0.689267
5 0.26028 0.484224 0.308664 0.967203 0.688603
