5 0.192964 0.499191 0.35851 0.997703 0.894707
5 0.382362 0.409177 0.16394 0.816781 0.867345
4 0.436871 0.392351 0.0525982 0.267956 0.806253
5 0.192964 0.499191 0.35851 0.997703 0.894707
5 0.382362 0.409177 0.16394 0.816781 0.867345
4 0.436871 0.392351 0.0525982 0.267956 0.806253
5 0.192964 0.499191 0.35851 0.997703 0.894707
5 0.382362 0.409177 0.16394 0.816781 0.867345
4 0.436871 0.392351 0.0525982 0.267956 0.806253
5 0.192964 0.499191 0.35851 0.997703 0.894707
5 0.382362 0.409177 0.16394 0.816781 0.867345
4 0.436871 0.392351 0.0525982 0.267956 0.806253
