0 0.34452 0.175186 0.0847379 0.0922459 0.74804
5 0.596867 0.499588 0.31829 0.999176 0.728859
5 0.501166 0.500266 0.42982 0.999468 0.690116
0 0.34452 0.175186 0.0847379 0.0922459 0.74804
5 0.596867 0.499588 0.31829 0.999176 0.728859
5 0.501166 0.500266 0.42982 0.999468 0.690116
0 0.34452 0.175186 0.0847379 0.0922459 0.74804
5 0.596867 0.499588 0.31829 0.999176 0.728859
5 0.501166 0.500266 0.42982 0.999468 0.690116
0 0.34452 0.175186 0.0847379 0.0922459 0.74804
5 0.596867 0.499588 0.31829 0.999176 0.728859
5 0.501166 0.500266 0.42982 0.999468 0.690116
