0 0.290695 0.0540639 0.0977124 0.108128 0.915561
5 0.307776 0.491406 0.251297 0.982813 0.891423
4 0.310691 0.315896 0.122394 0.360682 0.882827
5 0.629445 0.480866 0.252714 0.961683 0.870674
4 0.680415 0.249337 0.121052 0.400552 0.688003
0 0.290695 0.0540639 0.0977124 0.108128 0.915561
5 0.307776 0.491406 0.251297 0.982813 0.891423
4 0.310691 0.315896 0.122394 0.360682 0.882827
5 0.629445 0.480866 0.252714 0.961683 0.870674
4 0.680415 0.249337 0.121052 0.400552 0.688003
0 0.290695 0.0540639 0.0977124 0.108128 0.915561
5 0.307776 0.491406 0.251297 0.982813 0.891423
4 0.310691 0.315896 0.122394 0.360682 0.882827
5 0.629445 0.480866 0.252714 0.961683 0.870674
4 0.680415 0.249337 0.121052 0.400552 0.688003
0 0.290695 0.0540639 0.0977124 0.108128 0.915561
5 0.307776 0.491406 0.251297 0.982813 0.891423
4 0.310691 0.315896 0.122394 0.360682 0.882827
5 0.629445 0.480866 0.252714 0.961683 0.870674
4 0.680415 0.249337 0.121052 0.400552 0.688003
