5 0.600837 0.500972 0.296056 0.998057 0.872876
4 0.588122 0.196541 0.169025 0.392774 0.850483
4 0.422159 0.156081 0.0607306 0.290315 0.759914
5 0.600837 0.500972 0.296056 0.998057 0.872876
4 0.588122 0.196541 0.169025 0.392774 0.850483
4 0.422159 0.156081 0.0607306 0.290315 0.759914
5 0.600837 0.500972 0.296056 0.998057 0.872876
4 0.588122 0.196541 0.169025 0.392774 0.850483
4 0.422159 0.156081 0.0607306 0.290315 0.759914
5 0.600837 0.500972 0.296056 0.998057 0.872876
4 0.588122 0.196541 0.169025 0.392774 0.850483
4 0.422159 0.156081 0.0607306 0.290315 0.759914
