5 0.757524 0.500033 0.484953 0.999935 0.879263
5 0.223563 0.481761 0.426831 0.963522 0.642873
8 0.217972 0.242336 0.42671 0.480456 0.626406
5 0.757524 0.500033 0.484953 0.999935 0.879263
5 0.223563 0.481761 0.426831 0.963522 0.642873
8 0.217972 0.242336 0.42671 0.480456 0.626406
5 0.757524 0.500033 0.484953 0.999935 0.879263
5 0.223563 0.481761 0.426831 0.963522 0.642873
8 0.217972 0.242336 0.42671 0.480456 0.626406
5 0.757524 0.500033 0.484953 0.999935 0.879263
5 0.223563 0.481761 0.426831 0.963522 0.642873
8 0.217972 0.242336 0.42671 0.480456 0.626406
