4 0.415938 0.365871 0.0870676 0.24109 0.877788
5 0.618023 0.46594 0.244346 0.901374 0.868188
5 0.378718 0.557509 0.158987 0.713945 0.847816
4 0.630143 0.267544 0.107814 0.245426 0.747308
4 0.415938 0.365871 0.0870676 0.24109 0.877788
5 0.618023 0.46594 0.244346 0.901374 0.868188
5 0.378718 0.557509 0.158987 0.713945 0.847816
4 0.630143 0.267544 0.107814 0.245426 0.747308
4 0.415938 0.365871 0.0870676 0.24109 0.877788
5 0.618023 0.46594 0.244346 0.901374 0.868188
5 0.378718 0.557509 0.158987 0.713945 0.847816
4 0.630143 0.267544 0.107814 0.245426 0.747308
4 0.415938 0.365871 0.0870676 0.24109 0.877788
5 0.618023 0.46594 0.244346 0.901374 0.868188
5 0.378718 0.557509 0.158987 0.713945 0.847816
4 0.630143 0.267544 0.107814 0.245426 0.747308
