5 0.377496 0.43961 0.176487 0.870806 0.809648
4 0.0649714 0.229739 0.129627 0.459117 0.7566
4 0.43383 0.346744 0.0586933 0.194127 0.642946
5 0.377496 0.43961 0.176487 0.870806 0.809648
4 0.0649714 0.229739 0.129627 0.459117 0.7566
4 0.43383 0.346744 0.0586933 0.194127 0.642946
5 0.377496 0.43961 0.176487 0.870806 0.809648
4 0.0649714 0.229739 0.129627 0.459117 0.7566
4 0.43383 0.346744 0.0586933 0.194127 0.642946
5 0.377496 0.43961 0.176487 0.870806 0.809648
4 0.0649714 0.229739 0.129627 0.459117 0.7566
4 0.43383 0.346744 0.0586933 0.194127 0.642946
