5 0.577075 0.499625 0.302157 0.995967 0.899786
5 0.361433 0.44112 0.216968 0.668101 0.885018
2 0.396422 0.181767 0.0872436 0.132384 0.833835
4 0.612578 0.178986 0.165907 0.357973 0.722066
5 0.577075 0.499625 0.302157 0.995967 0.899786
5 0.361433 0.44112 0.216968 0.668101 0.885018
2 0.396422 0.181767 0.0872436 0.132384 0.833835
4 0.612578 0.178986 0.165907 0.357973 0.722066
5 0.577075 0.499625 0.302157 0.995967 0.899786
5 0.361433 0.44112 0.216968 0.668101 0.885018
2 0.396422 0.181767 0.0872436 0.132384 0.833835
4 0.612578 0.178986 0.165907 0.357973 0.722066
5 0.577075 0.499625 0.302157 0.995967 0.899786
5 0.361433 0.44112 0.216968 0.668101 0.885018
2 0.396422 0.181767 0.0872436 0.132384 0.833835
4 0.612578 0.178986 0.165907 0.357973 0.722066
