4 0.536406 0.194738 0.202958 0.389476 0.862411
5 0.52379 0.499172 0.320454 0.997718 0.855076
4 0.384694 0.413876 0.0855333 0.250341 0.633911
4 0.536406 0.194738 0.202958 0.389476 0.862411
5 0.52379 0.499172 0.320454 0.997718 0.855076
4 0.384694 0.413876 0.0855333 0.250341 0.633911
4 0.536406 0.194738 0.202958 0.389476 0.862411
5 0.52379 0.499172 0.320454 0.997718 0.855076
4 0.384694 0.413876 0.0855333 0.250341 0.633911
4 0.536406 0.194738 0.202958 0.389476 0.862411
5 0.52379 0.499172 0.320454 0.997718 0.855076
4 0.384694 0.413876 0.0855333 0.250341 0.633911
