5 0.69821 0.5 0.437702 1 0.873649
5 0.360015 0.495402 0.204148 0.990803 0.748059
4 0.653975 0.176341 0.25866 0.352682 0.652306
5 0.69821 0.5 0.437702 1 0.873649
5 0.360015 0.495402 0.204148 0.990803 0.748059
4 0.653975 0.176341 0.25866 0.352682 0.652306
5 0.69821 0.5 0.437702 1 0.873649
5 0.360015 0.495402 0.204148 0.990803 0.748059
4 0.653975 0.176341 0.25866 0.352682 0.652306
5 0.69821 0.5 0.437702 1 0.873649
5 0.360015 0.495402 0.204148 0.990803 0.748059
4 0.653975 0.176341 0.25866 0.352682 0.652306
