5 0.873952 0.500307 0.252097 0.999386 0.92374
5 0.369332 0.498629 0.422521 0.997258 0.804368
4 0.938289 0.202532 0.123423 0.397937 0.702753
5 0.873952 0.500307 0.252097 0.999386 0.92374
5 0.369332 0.498629 0.422521 0.997258 0.804368
4 0.938289 0.202532 0.123423 0.397937 0.702753
5 0.873952 0.500307 0.252097 0.999386 0.92374
5 0.369332 0.498629 0.422521 0.997258 0.804368
4 0.938289 0.202532 0.123423 0.397937 0.702753
5 0.873952 0.500307 0.252097 0.999386 0.92374
5 0.369332 0.498629 0.422521 0.997258 0.804368
4 0.938289 0.202532 0.123423 0.397937 0.702753
