5 0.583217 0.500013 0.240668 0.999439 0.86823
4 0.606918 0.198944 0.166059 0.397888 0.842082
5 0.399539 0.463026 0.133908 0.87797 0.840846
4 0.392376 0.341058 0.0899978 0.267638 0.609393
5 0.583217 0.500013 0.240668 0.999439 0.86823
4 0.606918 0.198944 0.166059 0.397888 0.842082
5 0.399539 0.463026 0.133908 0.87797 0.840846
4 0.392376 0.341058 0.0899978 0.267638 0.609393
5 0.583217 0.500013 0.240668 0.999439 0.86823
4 0.606918 0.198944 0.166059 0.397888 0.842082
5 0.399539 0.463026 0.133908 0.87797 0.840846
4 0.392376 0.341058 0.0899978 0.267638 0.609393
5 0.583217 0.500013 0.240668 0.999439 0.86823
4 0.606918 0.198944 0.166059 0.397888 0.842082
5 0.399539 0.463026 0.133908 0.87797 0.840846
4 0.392376 0.341058 0.0899978 0.267638 0.609393
