5 0.178388 0.499297 0.334091 0.995549 0.918195
5 0.376462 0.467346 0.178876 0.934551 0.845885
4 0.436294 0.395091 0.0541938 0.261991 0.738503
5 0.178388 0.499297 0.334091 0.995549 0.918195
5 0.376462 0.467346 0.178876 0.934551 0.845885
4 0.436294 0.395091 0.0541938 0.261991 0.738503
5 0.178388 0.499297 0.334091 0.995549 0.918195
5 0.376462 0.467346 0.178876 0.934551 0.845885
4 0.436294 0.395091 0.0541938 0.261991 0.738503
5 0.178388 0.499297 0.334091 0.995549 0.918195
5 0.376462 0.467346 0.178876 0.934551 0.845885
4 0.436294 0.395091 0.0541938 0.261991 0.738503
