4 0.378952 0.279528 0.137179 0.285402 0.890459
5 0.593001 0.470463 0.223273 0.937819 0.88919
5 0.37539 0.49978 0.206782 0.894757 0.84969
4 0.58555 0.226894 0.0977861 0.311504 0.824527
2 0.332359 0.153306 0.0921444 0.185436 0.773951
0 0.523125 0.0638933 0.109115 0.125699 0.753101
0 0.332667 0.154035 0.0913344 0.186955 0.626281
4 0.378952 0.279528 0.137179 0.285402 0.890459
5 0.593001 0.470463 0.223273 0.937819 0.88919
5 0.37539 0.49978 0.206782 0.894757 0.84969
4 0.58555 0.226894 0.0977861 0.311504 0.824527
2 0.332359 0.153306 0.0921444 0.185436 0.773951
0 0.523125 0.0638933 0.109115 0.125699 0.753101
0 0.332667 0.154035 0.0913344 0.186955 0.626281
4 0.378952 0.279528 0.137179 0.285402 0.890459
5 0.593001 0.470463 0.223273 0.937819 0.88919
5 0.37539 0.49978 0.206782 0.894757 0.84969
4 0.58555 0.226894 0.0977861 0.311504 0.824527
2 0.332359 0.153306 0.0921444 0.185436 0.773951
0 0.523125 0.0638933 0.109115 0.125699 0.753101
0 0.332667 0.154035 0.0913344 0.186955 0.626281
4 0.378952 0.279528 0.137179 0.285402 0.890459
5 0.593001 0.470463 0.223273 0.937819 0.88919
5 0.37539 0.49978 0.206782 0.894757 0.84969
4 0.58555 0.226894 0.0977861 0.311504 0.824527
2 0.332359 0.153306 0.0921444 0.185436 0.773951
0 0.523125 0.0638933 0.109115 0.125699 0.753101
0 0.332667 0.154035 0.0913344 0.186955 0.626281
