5 0.381388 0.472556 0.143663 0.686331 0.83152
2 0.415309 0.198763 0.075163 0.1241 0.810161
5 0.498949 0.499256 0.407329 0.998511 0.795554
5 0.381388 0.472556 0.143663 0.686331 0.83152
2 0.415309 0.198763 0.075163 0.1241 0.810161
5 0.498949 0.499256 0.407329 0.998511 0.795554
5 0.381388 0.472556 0.143663 0.686331 0.83152
2 0.415309 0.198763 0.075163 0.1241 0.810161
5 0.498949 0.499256 0.407329 0.998511 0.795554
5 0.381388 0.472556 0.143663 0.686331 0.83152
2 0.415309 0.198763 0.075163 0.1241 0.810161
5 0.498949 0.499256 0.407329 0.998511 0.795554
