5 0.598808 0.500309 0.301011 0.998628 0.865284
4 0.596021 0.186643 0.167872 0.373286 0.850976
4 0.426706 0.141708 0.0611664 0.258481 0.712799
5 0.423001 0.4916 0.0968411 0.981627 0.643392
5 0.598808 0.500309 0.301011 0.998628 0.865284
4 0.596021 0.186643 0.167872 0.373286 0.850976
4 0.426706 0.141708 0.0611664 0.258481 0.712799
5 0.423001 0.4916 0.0968411 0.981627 0.643392
5 0.598808 0.500309 0.301011 0.998628 0.865284
4 0.596021 0.186643 0.167872 0.373286 0.850976
4 0.426706 0.141708 0.0611664 0.258481 0.712799
5 0.423001 0.4916 0.0968411 0.981627 0.643392
5 0.598808 0.500309 0.301011 0.998628 0.865284
4 0.596021 0.186643 0.167872 0.373286 0.850976
4 0.426706 0.141708 0.0611664 0.258481 0.712799
5 0.423001 0.4916 0.0968411 0.981627 0.643392
