5 0.861457 0.500154 0.271887 0.999692 0.92625
2 0.520069 0.0868027 0.0880055 0.0731773 0.633153
5 0.389955 0.496531 0.581676 0.993062 0.623375
5 0.861457 0.500154 0.271887 0.999692 0.92625
2 0.520069 0.0868027 0.0880055 0.0731773 0.633153
5 0.389955 0.496531 0.581676 0.993062 0.623375
5 0.861457 0.500154 0.271887 0.999692 0.92625
2 0.520069 0.0868027 0.0880055 0.0731773 0.633153
5 0.389955 0.496531 0.581676 0.993062 0.623375
5 0.861457 0.500154 0.271887 0.999692 0.92625
2 0.520069 0.0868027 0.0880055 0.0731773 0.633153
5 0.389955 0.496531 0.581676 0.993062 0.623375
