5 0.379256 0.427841 0.172535 0.848078 0.797908
7 0.0665748 0.2257 0.13315 0.449948 0.722515
4 0.4349 0.345868 0.0571667 0.197291 0.673141
3 0.452645 0.280082 0.0220788 0.0642553 0.620623
5 0.379256 0.427841 0.172535 0.848078 0.797908
7 0.0665748 0.2257 0.13315 0.449948 0.722515
4 0.4349 0.345868 0.0571667 0.197291 0.673141
3 0.452645 0.280082 0.0220788 0.0642553 0.620623
5 0.379256 0.427841 0.172535 0.848078 0.797908
7 0.0665748 0.2257 0.13315 0.449948 0.722515
4 0.4349 0.345868 0.0571667 0.197291 0.673141
3 0.452645 0.280082 0.0220788 0.0642553 0.620623
5 0.379256 0.427841 0.172535 0.848078 0.797908
7 0.0665748 0.2257 0.13315 0.449948 0.722515
4 0.4349 0.345868 0.0571667 0.197291 0.673141
3 0.452645 0.280082 0.0220788 0.0642553 0.620623
