5 0.603152 0.467714 0.232263 0.934041 0.888538
5 0.364546 0.44918 0.250214 0.836999 0.87962
4 0.370057 0.282786 0.126908 0.298955 0.870695
4 0.606348 0.216626 0.105309 0.281712 0.776933
2 0.323222 0.137611 0.0921803 0.178599 0.765861
5 0.603152 0.467714 0.232263 0.934041 0.888538
5 0.364546 0.44918 0.250214 0.836999 0.87962
4 0.370057 0.282786 0.126908 0.298955 0.870695
4 0.606348 0.216626 0.105309 0.281712 0.776933
2 0.323222 0.137611 0.0921803 0.178599 0.765861
5 0.603152 0.467714 0.232263 0.934041 0.888538
5 0.364546 0.44918 0.250214 0.836999 0.87962
4 0.370057 0.282786 0.126908 0.298955 0.870695
4 0.606348 0.216626 0.105309 0.281712 0.776933
2 0.323222 0.137611 0.0921803 0.178599 0.765861
5 0.603152 0.467714 0.232263 0.934041 0.888538
5 0.364546 0.44918 0.250214 0.836999 0.87962
4 0.370057 0.282786 0.126908 0.298955 0.870695
4 0.606348 0.216626 0.105309 0.281712 0.776933
2 0.323222 0.137611 0.0921803 0.178599 0.765861
