4 0.40237 0.308611 0.119051 0.305997 0.896941
5 0.595143 0.489439 0.220825 0.977475 0.893283
5 0.37222 0.528281 0.182331 0.91622 0.830487
4 0.593615 0.253104 0.114908 0.320651 0.827355
4 0.40237 0.308611 0.119051 0.305997 0.896941
5 0.595143 0.489439 0.220825 0.977475 0.893283
5 0.37222 0.528281 0.182331 0.91622 0.830487
4 0.593615 0.253104 0.114908 0.320651 0.827355
4 0.40237 0.308611 0.119051 0.305997 0.896941
5 0.595143 0.489439 0.220825 0.977475 0.893283
5 0.37222 0.528281 0.182331 0.91622 0.830487
4 0.593615 0.253104 0.114908 0.320651 0.827355
4 0.40237 0.308611 0.119051 0.305997 0.896941
5 0.595143 0.489439 0.220825 0.977475 0.893283
5 0.37222 0.528281 0.182331 0.91622 0.830487
4 0.593615 0.253104 0.114908 0.320651 0.827355
