5 0.741592 0.500733 0.506637 0.998534 0.820268
0 0.357048 0.0727671 0.0884334 0.0833212 0.816155
4 0.266166 0.302682 0.187136 0.346061 0.726909
5 0.311646 0.247433 0.329229 0.494865 0.658558
5 0.824876 0.499581 0.344586 0.999163 0.632553
5 0.2908 0.433887 0.348208 0.860258 0.630809
5 0.741592 0.500733 0.506637 0.998534 0.820268
0 0.357048 0.0727671 0.0884334 0.0833212 0.816155
4 0.266166 0.302682 0.187136 0.346061 0.726909
5 0.311646 0.247433 0.329229 0.494865 0.658558
5 0.824876 0.499581 0.344586 0.999163 0.632553
5 0.2908 0.433887 0.348208 0.860258 0.630809
5 0.741592 0.500733 0.506637 0.998534 0.820268
0 0.357048 0.0727671 0.0884334 0.0833212 0.816155
4 0.266166 0.302682 0.187136 0.346061 0.726909
5 0.311646 0.247433 0.329229 0.494865 0.658558
5 0.824876 0.499581 0.344586 0.999163 0.632553
5 0.2908 0.433887 0.348208 0.860258 0.630809
5 0.741592 0.500733 0.506637 0.998534 0.820268
0 0.357048 0.0727671 0.0884334 0.0833212 0.816155
4 0.266166 0.302682 0.187136 0.346061 0.726909
5 0.311646 0.247433 0.329229 0.494865 0.658558
5 0.824876 0.499581 0.344586 0.999163 0.632553
5 0.2908 0.433887 0.348208 0.860258 0.630809
