5 0.247277 0.491139 0.303295 0.982278 0.91328
4 0.28259 0.236004 0.145648 0.416972 0.882941
5 0.599878 0.473372 0.186268 0.929146 0.880171
8 0.20393 0.354301 0.405685 0.708603 0.692922
3 0.276924 0.023151 0.053481 0.0463021 0.668677
4 0.634565 0.280849 0.0945496 0.384598 0.660131
2 0.617445 0.0755242 0.0945664 0.107306 0.647363
5 0.247277 0.491139 0.303295 0.982278 0.91328
4 0.28259 0.236004 0.145648 0.416972 0.882941
5 0.599878 0.473372 0.186268 0.929146 0.880171
8 0.20393 0.354301 0.405685 0.708603 0.692922
3 0.276924 0.023151 0.053481 0.0463021 0.668677
4 0.634565 0.280849 0.0945496 0.384598 0.660131
2 0.617445 0.0755242 0.0945664 0.107306 0.647363
5 0.247277 0.491139 0.303295 0.982278 0.91328
4 0.28259 0.236004 0.145648 0.416972 0.882941
5 0.599878 0.473372 0.186268 0.929146 0.880171
8 0.20393 0.354301 0.405685 0.708603 0.692922
3 0.276924 0.023151 0.053481 0.0463021 0.668677
4 0.634565 0.280849 0.0945496 0.384598 0.660131
2 0.617445 0.0755242 0.0945664 0.107306 0.647363
5 0.247277 0.491139 0.303295 0.982278 0.91328
4 0.28259 0.236004 0.145648 0.416972 0.882941
5 0.599878 0.473372 0.186268 0.929146 0.880171
8 0.20393 0.354301 0.405685 0.708603 0.692922
3 0.276924 0.023151 0.053481 0.0463021 0.668677
4 0.634565 0.280849 0.0945496 0.384598 0.660131
2 0.617445 0.0755242 0.0945664 0.107306 0.647363
