4 0.599041 0.17622 0.214556 0.352441 0.902599
0 0.365035 0.182411 0.0895052 0.108119 0.837036
5 0.608926 0.500339 0.342871 0.999322 0.78285
4 0.599041 0.17622 0.214556 0.352441 0.902599
0 0.365035 0.182411 0.0895052 0.108119 0.837036
5 0.608926 0.500339 0.342871 0.999322 0.78285
4 0.599041 0.17622 0.214556 0.352441 0.902599
0 0.365035 0.182411 0.0895052 0.108119 0.837036
5 0.608926 0.500339 0.342871 0.999322 0.78285
4 0.599041 0.17622 0.214556 0.352441 0.902599
0 0.365035 0.182411 0.0895052 0.108119 0.837036
5 0.608926 0.500339 0.342871 0.999322 0.78285
