5 0.509588 0.500143 0.372518 0.9985 0.894944
5 0.254275 0.473911 0.255447 0.785442 0.869977
4 0.233369 0.342879 0.120912 0.266683 0.75915
5 0.509588 0.500143 0.372518 0.9985 0.894944
5 0.254275 0.473911 0.255447 0.785442 0.869977
4 0.233369 0.342879 0.120912 0.266683 0.75915
5 0.509588 0.500143 0.372518 0.9985 0.894944
5 0.254275 0.473911 0.255447 0.785442 0.869977
4 0.233369 0.342879 0.120912 0.266683 0.75915
5 0.509588 0.500143 0.372518 0.9985 0.894944
5 0.254275 0.473911 0.255447 0.785442 0.869977
4 0.233369 0.342879 0.120912 0.266683 0.75915
