5 0.256615 0.499346 0.281838 0.998692 0.817837
4 0.206708 0.174513 0.139802 0.349026 0.815153
5 0.196733 0.498798 0.393465 0.997595 0.766361
5 0.256615 0.499346 0.281838 0.998692 0.817837
4 0.206708 0.174513 0.139802 0.349026 0.815153
5 0.196733 0.498798 0.393465 0.997595 0.766361
5 0.256615 0.499346 0.281838 0.998692 0.817837
4 0.206708 0.174513 0.139802 0.349026 0.815153
5 0.196733 0.498798 0.393465 0.997595 0.766361
5 0.256615 0.499346 0.281838 0.998692 0.817837
4 0.206708 0.174513 0.139802 0.349026 0.815153
5 0.196733 0.498798 0.393465 0.997595 0.766361
