4 0.182027 0.187687 0.195001 0.375374 0.881974
0 0.42306 0.118639 0.0673866 0.0942699 0.860931
5 0.382999 0.461303 0.158106 0.80503 0.857362
4 0.429467 0.356515 0.0686172 0.350617 0.84079
4 0.0586751 0.151938 0.11735 0.303876 0.710447
5 0.409764 0.467673 0.105985 0.804744 0.635906
4 0.182027 0.187687 0.195001 0.375374 0.881974
0 0.42306 0.118639 0.0673866 0.0942699 0.860931
5 0.382999 0.461303 0.158106 0.80503 0.857362
4 0.429467 0.356515 0.0686172 0.350617 0.84079
4 0.0586751 0.151938 0.11735 0.303876 0.710447
5 0.409764 0.467673 0.105985 0.804744 0.635906
4 0.182027 0.187687 0.195001 0.375374 0.881974
0 0.42306 0.118639 0.0673866 0.0942699 0.860931
5 0.382999 0.461303 0.158106 0.80503 0.857362
4 0.429467 0.356515 0.0686172 0.350617 0.84079
4 0.0586751 0.151938 0.11735 0.303876 0.710447
5 0.409764 0.467673 0.105985 0.804744 0.635906
4 0.182027 0.187687 0.195001 0.375374 0.881974
0 0.42306 0.118639 0.0673866 0.0942699 0.860931
5 0.382999 0.461303 0.158106 0.80503 0.857362
4 0.429467 0.356515 0.0686172 0.350617 0.84079
4 0.0586751 0.151938 0.11735 0.303876 0.710447
5 0.409764 0.467673 0.105985 0.804744 0.635906
