4 0.21083 0.37088 0.159668 0.241824 0.893216
5 0.232014 0.501341 0.284096 0.704591 0.879001
5 0.460291 0.498327 0.266562 0.996654 0.841189
0 0.298482 0.242098 0.0854025 0.115084 0.611093
4 0.21083 0.37088 0.159668 0.241824 0.893216
5 0.232014 0.501341 0.284096 0.704591 0.879001
5 0.460291 0.498327 0.266562 0.996654 0.841189
0 0.298482 0.242098 0.0854025 0.115084 0.611093
4 0.21083 0.37088 0.159668 0.241824 0.893216
5 0.232014 0.501341 0.284096 0.704591 0.879001
5 0.460291 0.498327 0.266562 0.996654 0.841189
0 0.298482 0.242098 0.0854025 0.115084 0.611093
4 0.21083 0.37088 0.159668 0.241824 0.893216
5 0.232014 0.501341 0.284096 0.704591 0.879001
5 0.460291 0.498327 0.266562 0.996654 0.841189
0 0.298482 0.242098 0.0854025 0.115084 0.611093
