5 0.649308 0.497458 0.413513 0.993012 0.914743
4 0.626635 0.202234 0.252105 0.404468 0.834814
0 0.404644 0.153455 0.0841095 0.110226 0.82505
5 0.323442 0.530064 0.236285 0.904093 0.731274
5 0.649308 0.497458 0.413513 0.993012 0.914743
4 0.626635 0.202234 0.252105 0.404468 0.834814
0 0.404644 0.153455 0.0841095 0.110226 0.82505
5 0.323442 0.530064 0.236285 0.904093 0.731274
5 0.649308 0.497458 0.413513 0.993012 0.914743
4 0.626635 0.202234 0.252105 0.404468 0.834814
0 0.404644 0.153455 0.0841095 0.110226 0.82505
5 0.323442 0.530064 0.236285 0.904093 0.731274
5 0.649308 0.497458 0.413513 0.993012 0.914743
4 0.626635 0.202234 0.252105 0.404468 0.834814
0 0.404644 0.153455 0.0841095 0.110226 0.82505
5 0.323442 0.530064 0.236285 0.904093 0.731274
