0 0.1404 0.0383259 0.0690012 0.0749885 0.827789
5 0.468266 0.499455 0.14939 0.998416 0.787268
5 0.0928033 0.263147 0.171755 0.526294 0.785978
4 0.428806 0.17634 0.177351 0.35268 0.656204
0 0.1404 0.0383259 0.0690012 0.0749885 0.827789
5 0.468266 0.499455 0.14939 0.998416 0.787268
5 0.0928033 0.263147 0.171755 0.526294 0.785978
4 0.428806 0.17634 0.177351 0.35268 0.656204
0 0.1404 0.0383259 0.0690012 0.0749885 0.827789
5 0.468266 0.499455 0.14939 0.998416 0.787268
5 0.0928033 0.263147 0.171755 0.526294 0.785978
4 0.428806 0.17634 0.177351 0.35268 0.656204
0 0.1404 0.0383259 0.0690012 0.0749885 0.827789
5 0.468266 0.499455 0.14939 0.998416 0.787268
5 0.0928033 0.263147 0.171755 0.526294 0.785978
4 0.428806 0.17634 0.177351 0.35268 0.656204
