4 0.611046 0.195363 0.22478 0.390726 0.871427
5 0.609883 0.498697 0.338549 0.996722 0.817288
0 0.386592 0.156009 0.0899468 0.100034 0.789934
4 0.300462 0.352357 0.1515 0.320229 0.706305
4 0.611046 0.195363 0.22478 0.390726 0.871427
5 0.609883 0.498697 0.338549 0.996722 0.817288
0 0.386592 0.156009 0.0899468 0.100034 0.789934
4 0.300462 0.352357 0.1515 0.320229 0.706305
4 0.611046 0.195363 0.22478 0.390726 0.871427
5 0.609883 0.498697 0.338549 0.996722 0.817288
0 0.386592 0.156009 0.0899468 0.100034 0.789934
4 0.300462 0.352357 0.1515 0.320229 0.706305
4 0.611046 0.195363 0.22478 0.390726 0.871427
5 0.609883 0.498697 0.338549 0.996722 0.817288
0 0.386592 0.156009 0.0899468 0.100034 0.789934
4 0.300462 0.352357 0.1515 0.320229 0.706305
