5 0.840358 0.499734 0.319284 0.998281 0.786256
5 0.228964 0.453751 0.416985 0.907501 0.763641
5 0.769824 0.500491 0.460133 0.999018 0.739523
5 0.840358 0.499734 0.319284 0.998281 0.786256
5 0.228964 0.453751 0.416985 0.907501 0.763641
5 0.769824 0.500491 0.460133 0.999018 0.739523
5 0.840358 0.499734 0.319284 0.998281 0.786256
5 0.228964 0.453751 0.416985 0.907501 0.763641
5 0.769824 0.500491 0.460133 0.999018 0.739523
5 0.840358 0.499734 0.319284 0.998281 0.786256
5 0.228964 0.453751 0.416985 0.907501 0.763641
5 0.769824 0.500491 0.460133 0.999018 0.739523
