5 0.567263 0.497638 0.252806 0.993859 0.924512
5 0.378805 0.309286 0.150572 0.424956 0.865179
4 0.59957 0.175838 0.157679 0.351675 0.856255
2 0.398738 0.160335 0.0752363 0.11183 0.821358
3 0.402198 0.258809 0.0422518 0.0645873 0.728373
4 0.39536 0.330082 0.0915417 0.188643 0.692952
5 0.567263 0.497638 0.252806 0.993859 0.924512
5 0.378805 0.309286 0.150572 0.424956 0.865179
4 0.59957 0.175838 0.157679 0.351675 0.856255
2 0.398738 0.160335 0.0752363 0.11183 0.821358
3 0.402198 0.258809 0.0422518 0.0645873 0.728373
4 0.39536 0.330082 0.0915417 0.188643 0.692952
5 0.567263 0.497638 0.252806 0.993859 0.924512
5 0.378805 0.309286 0.150572 0.424956 0.865179
4 0.59957 0.175838 0.157679 0.351675 0.856255
2 0.398738 0.160335 0.0752363 0.11183 0.821358
3 0.402198 0.258809 0.0422518 0.0645873 0.728373
4 0.39536 0.330082 0.0915417 0.188643 0.692952
5 0.567263 0.497638 0.252806 0.993859 0.924512
5 0.378805 0.309286 0.150572 0.424956 0.865179
4 0.59957 0.175838 0.157679 0.351675 0.856255
2 0.398738 0.160335 0.0752363 0.11183 0.821358
3 0.402198 0.258809 0.0422518 0.0645873 0.728373
4 0.39536 0.330082 0.0915417 0.188643 0.692952
