5 0.613904 0.465631 0.253089 0.913377 0.86606
4 0.425132 0.370375 0.0693598 0.248399 0.836154
5 0.385155 0.512138 0.148841 0.6737 0.793297
4 0.642522 0.28118 0.0965919 0.233691 0.777075
0 0.355541 0.294329 0.0800887 0.164894 0.76057
2 0.598091 0.101266 0.116337 0.197249 0.710387
5 0.613904 0.465631 0.253089 0.913377 0.86606
4 0.425132 0.370375 0.0693598 0.248399 0.836154
5 0.385155 0.512138 0.148841 0.6737 0.793297
4 0.642522 0.28118 0.0965919 0.233691 0.777075
0 0.355541 0.294329 0.0800887 0.164894 0.76057
2 0.598091 0.101266 0.116337 0.197249 0.710387
5 0.613904 0.465631 0.253089 0.913377 0.86606
4 0.425132 0.370375 0.0693598 0.248399 0.836154
5 0.385155 0.512138 0.148841 0.6737 0.793297
4 0.642522 0.28118 0.0965919 0.233691 0.777075
0 0.355541 0.294329 0.0800887 0.164894 0.76057
2 0.598091 0.101266 0.116337 0.197249 0.710387
5 0.613904 0.465631 0.253089 0.913377 0.86606
4 0.425132 0.370375 0.0693598 0.248399 0.836154
5 0.385155 0.512138 0.148841 0.6737 0.793297
4 0.642522 0.28118 0.0965919 0.233691 0.777075
0 0.355541 0.294329 0.0800887 0.164894 0.76057
2 0.598091 0.101266 0.116337 0.197249 0.710387
