5 0.60695 0.516384 0.263637 0.924992 0.855687
0 0.347766 0.257066 0.0830096 0.164999 0.761761
2 0.596342 0.166622 0.0387218 0.106062 0.622863
4 0.636829 0.26958 0.102538 0.31258 0.62253
5 0.60695 0.516384 0.263637 0.924992 0.855687
0 0.347766 0.257066 0.0830096 0.164999 0.761761
2 0.596342 0.166622 0.0387218 0.106062 0.622863
4 0.636829 0.26958 0.102538 0.31258 0.62253
5 0.60695 0.516384 0.263637 0.924992 0.855687
0 0.347766 0.257066 0.0830096 0.164999 0.761761
2 0.596342 0.166622 0.0387218 0.106062 0.622863
4 0.636829 0.26958 0.102538 0.31258 0.62253
5 0.60695 0.516384 0.263637 0.924992 0.855687
0 0.347766 0.257066 0.0830096 0.164999 0.761761
2 0.596342 0.166622 0.0387218 0.106062 0.622863
4 0.636829 0.26958 0.102538 0.31258 0.62253
