5 0.774588 0.5 0.298356 1 0.897344
5 0.387526 0.744718 0.319058 0.510564 0.819434
4 0.728254 0.17052 0.220951 0.341039 0.805067
5 0.774588 0.5 0.298356 1 0.897344
5 0.387526 0.744718 0.319058 0.510564 0.819434
4 0.728254 0.17052 0.220951 0.341039 0.805067
5 0.774588 0.5 0.298356 1 0.897344
5 0.387526 0.744718 0.319058 0.510564 0.819434
4 0.728254 0.17052 0.220951 0.341039 0.805067
5 0.774588 0.5 0.298356 1 0.897344
5 0.387526 0.744718 0.319058 0.510564 0.819434
4 0.728254 0.17052 0.220951 0.341039 0.805067
