5 0.366553 0.478403 0.196094 0.956807 0.847372
5 0.733824 0.50003 0.50929 0.99994 0.75246
4 0.347178 0.464387 0.0751142 0.126219 0.641142
5 0.366553 0.478403 0.196094 0.956807 0.847372
5 0.733824 0.50003 0.50929 0.99994 0.75246
4 0.347178 0.464387 0.0751142 0.126219 0.641142
5 0.366553 0.478403 0.196094 0.956807 0.847372
5 0.733824 0.50003 0.50929 0.99994 0.75246
4 0.347178 0.464387 0.0751142 0.126219 0.641142
5 0.366553 0.478403 0.196094 0.956807 0.847372
5 0.733824 0.50003 0.50929 0.99994 0.75246
4 0.347178 0.464387 0.0751142 0.126219 0.641142
