5 0.754762 0.50031 0.490475 0.999381 0.819571
0 0.355083 0.0782869 0.0900939 0.0881613 0.80477
4 0.257602 0.302808 0.170121 0.358403 0.678674
8 0.240031 0.244574 0.475807 0.485186 0.640342
5 0.754762 0.50031 0.490475 0.999381 0.819571
0 0.355083 0.0782869 0.0900939 0.0881613 0.80477
4 0.257602 0.302808 0.170121 0.358403 0.678674
8 0.240031 0.244574 0.475807 0.485186 0.640342
5 0.754762 0.50031 0.490475 0.999381 0.819571
0 0.355083 0.0782869 0.0900939 0.0881613 0.80477
4 0.257602 0.302808 0.170121 0.358403 0.678674
8 0.240031 0.244574 0.475807 0.485186 0.640342
5 0.754762 0.50031 0.490475 0.999381 0.819571
0 0.355083 0.0782869 0.0900939 0.0881613 0.80477
4 0.257602 0.302808 0.170121 0.358403 0.678674
8 0.240031 0.244574 0.475807 0.485186 0.640342
