4 0.343991 0.323358 0.10273 0.314082 0.90003
5 0.322831 0.463312 0.159498 0.850793 0.889307
4 0.187092 0.179847 0.156321 0.359694 0.878892
0 0.333886 0.0911422 0.0732954 0.0882212 0.802101
5 0.141939 0.498025 0.283878 0.995801 0.756564
5 0.197413 0.50025 0.166853 0.997859 0.754813
4 0.343991 0.323358 0.10273 0.314082 0.90003
5 0.322831 0.463312 0.159498 0.850793 0.889307
4 0.187092 0.179847 0.156321 0.359694 0.878892
0 0.333886 0.0911422 0.0732954 0.0882212 0.802101
5 0.141939 0.498025 0.283878 0.995801 0.756564
5 0.197413 0.50025 0.166853 0.997859 0.754813
4 0.343991 0.323358 0.10273 0.314082 0.90003
5 0.322831 0.463312 0.159498 0.850793 0.889307
4 0.187092 0.179847 0.156321 0.359694 0.878892
0 0.333886 0.0911422 0.0732954 0.0882212 0.802101
5 0.141939 0.498025 0.283878 0.995801 0.756564
5 0.197413 0.50025 0.166853 0.997859 0.754813
4 0.343991 0.323358 0.10273 0.314082 0.90003
5 0.322831 0.463312 0.159498 0.850793 0.889307
4 0.187092 0.179847 0.156321 0.359694 0.878892
0 0.333886 0.0911422 0.0732954 0.0882212 0.802101
5 0.141939 0.498025 0.283878 0.995801 0.756564
5 0.197413 0.50025 0.166853 0.997859 0.754813
