5 0.153398 0.244864 0.306369 0.488466 0.956204
5 0.866686 0.499803 0.266528 0.996735 0.890025
0 0.195396 0.0836475 0.0929908 0.106093 0.753725
5 0.153398 0.244864 0.306369 0.488466 0.956204
5 0.866686 0.499803 0.266528 0.996735 0.890025
0 0.195396 0.0836475 0.0929908 0.106093 0.753725
5 0.153398 0.244864 0.306369 0.488466 0.956204
5 0.866686 0.499803 0.266528 0.996735 0.890025
0 0.195396 0.0836475 0.0929908 0.106093 0.753725
5 0.153398 0.244864 0.306369 0.488466 0.956204
5 0.866686 0.499803 0.266528 0.996735 0.890025
0 0.195396 0.0836475 0.0929908 0.106093 0.753725
