5 0.291725 0.497244 0.226281 0.991981 0.905814
5 0.625626 0.473704 0.210613 0.947407 0.896816
4 0.665703 0.26043 0.123414 0.387505 0.88195
4 0.300547 0.278169 0.126494 0.382042 0.878128
0 0.28782 0.0241069 0.112679 0.0472066 0.759903
0 0.654148 0.0306376 0.108979 0.0610364 0.699759
3 0.292561 0.0999371 0.0461318 0.0536515 0.676431
5 0.291725 0.497244 0.226281 0.991981 0.905814
5 0.625626 0.473704 0.210613 0.947407 0.896816
4 0.665703 0.26043 0.123414 0.387505 0.88195
4 0.300547 0.278169 0.126494 0.382042 0.878128
0 0.28782 0.0241069 0.112679 0.0472066 0.759903
0 0.654148 0.0306376 0.108979 0.0610364 0.699759
3 0.292561 0.0999371 0.0461318 0.0536515 0.676431
5 0.291725 0.497244 0.226281 0.991981 0.905814
5 0.625626 0.473704 0.210613 0.947407 0.896816
4 0.665703 0.26043 0.123414 0.387505 0.88195
4 0.300547 0.278169 0.126494 0.382042 0.878128
0 0.28782 0.0241069 0.112679 0.0472066 0.759903
0 0.654148 0.0306376 0.108979 0.0610364 0.699759
3 0.292561 0.0999371 0.0461318 0.0536515 0.676431
5 0.291725 0.497244 0.226281 0.991981 0.905814
5 0.625626 0.473704 0.210613 0.947407 0.896816
4 0.665703 0.26043 0.123414 0.387505 0.88195
4 0.300547 0.278169 0.126494 0.382042 0.878128
0 0.28782 0.0241069 0.112679 0.0472066 0.759903
0 0.654148 0.0306376 0.108979 0.0610364 0.699759
3 0.292561 0.0999371 0.0461318 0.0536515 0.676431
