5 0.89133 0.494837 0.217341 0.989284 0.906982
2 0.599057 0.117903 0.0938637 0.1286 0.825464
5 0.377271 0.498441 0.451341 0.996883 0.819654
5 0.467387 0.499139 0.647699 0.996394 0.688707
4 0.967035 0.239743 0.0656536 0.345688 0.660015
5 0.89133 0.494837 0.217341 0.989284 0.906982
2 0.599057 0.117903 0.0938637 0.1286 0.825464
5 0.377271 0.498441 0.451341 0.996883 0.819654
5 0.467387 0.499139 0.647699 0.996394 0.688707
4 0.967035 0.239743 0.0656536 0.345688 0.660015
5 0.89133 0.494837 0.217341 0.989284 0.906982
2 0.599057 0.117903 0.0938637 0.1286 0.825464
5 0.377271 0.498441 0.451341 0.996883 0.819654
5 0.467387 0.499139 0.647699 0.996394 0.688707
4 0.967035 0.239743 0.0656536 0.345688 0.660015
5 0.89133 0.494837 0.217341 0.989284 0.906982
2 0.599057 0.117903 0.0938637 0.1286 0.825464
5 0.377271 0.498441 0.451341 0.996883 0.819654
5 0.467387 0.499139 0.647699 0.996394 0.688707
4 0.967035 0.239743 0.0656536 0.345688 0.660015
