5 0.603309 0.514984 0.269479 0.9428 0.875853
4 0.40752 0.340689 0.10877 0.240732 0.758671
4 0.626085 0.26313 0.092051 0.306724 0.654988
2 0.532544 0.13309 0.0999088 0.204714 0.652441
0 0.349076 0.259834 0.0845831 0.169297 0.640292
5 0.603309 0.514984 0.269479 0.9428 0.875853
4 0.40752 0.340689 0.10877 0.240732 0.758671
4 0.626085 0.26313 0.092051 0.306724 0.654988
2 0.532544 0.13309 0.0999088 0.204714 0.652441
0 0.349076 0.259834 0.0845831 0.169297 0.640292
5 0.603309 0.514984 0.269479 0.9428 0.875853
4 0.40752 0.340689 0.10877 0.240732 0.758671
4 0.626085 0.26313 0.092051 0.306724 0.654988
2 0.532544 0.13309 0.0999088 0.204714 0.652441
0 0.349076 0.259834 0.0845831 0.169297 0.640292
5 0.603309 0.514984 0.269479 0.9428 0.875853
4 0.40752 0.340689 0.10877 0.240732 0.758671
4 0.626085 0.26313 0.092051 0.306724 0.654988
2 0.532544 0.13309 0.0999088 0.204714 0.652441
0 0.349076 0.259834 0.0845831 0.169297 0.640292
