5 0.316448 0.46721 0.237177 0.818935 0.884512
5 0.558823 0.500209 0.296683 0.998263 0.884091
4 0.608814 0.196217 0.174956 0.392434 0.878899
4 0.295113 0.329966 0.113517 0.299844 0.825459
0 0.370384 0.136227 0.0751187 0.105095 0.806155
5 0.316448 0.46721 0.237177 0.818935 0.884512
5 0.558823 0.500209 0.296683 0.998263 0.884091
4 0.608814 0.196217 0.174956 0.392434 0.878899
4 0.295113 0.329966 0.113517 0.299844 0.825459
0 0.370384 0.136227 0.0751187 0.105095 0.806155
5 0.316448 0.46721 0.237177 0.818935 0.884512
5 0.558823 0.500209 0.296683 0.998263 0.884091
4 0.608814 0.196217 0.174956 0.392434 0.878899
4 0.295113 0.329966 0.113517 0.299844 0.825459
0 0.370384 0.136227 0.0751187 0.105095 0.806155
5 0.316448 0.46721 0.237177 0.818935 0.884512
5 0.558823 0.500209 0.296683 0.998263 0.884091
4 0.608814 0.196217 0.174956 0.392434 0.878899
4 0.295113 0.329966 0.113517 0.299844 0.825459
0 0.370384 0.136227 0.0751187 0.105095 0.806155
