5 0.566677 0.497489 0.248053 0.993996 0.926632
5 0.377865 0.307665 0.164256 0.42545 0.882706
4 0.599801 0.175692 0.156806 0.351384 0.868323
2 0.398988 0.156048 0.0772489 0.110719 0.692372
3 0.400893 0.257698 0.0388012 0.0578433 0.658
4 0.393114 0.327699 0.0907385 0.186196 0.629092
5 0.566677 0.497489 0.248053 0.993996 0.926632
5 0.377865 0.307665 0.164256 0.42545 0.882706
4 0.599801 0.175692 0.156806 0.351384 0.868323
2 0.398988 0.156048 0.0772489 0.110719 0.692372
3 0.400893 0.257698 0.0388012 0.0578433 0.658
4 0.393114 0.327699 0.0907385 0.186196 0.629092
5 0.566677 0.497489 0.248053 0.993996 0.926632
5 0.377865 0.307665 0.164256 0.42545 0.882706
4 0.599801 0.175692 0.156806 0.351384 0.868323
2 0.398988 0.156048 0.0772489 0.110719 0.692372
3 0.400893 0.257698 0.0388012 0.0578433 0.658
4 0.393114 0.327699 0.0907385 0.186196 0.629092
5 0.566677 0.497489 0.248053 0.993996 0.926632
5 0.377865 0.307665 0.164256 0.42545 0.882706
4 0.599801 0.175692 0.156806 0.351384 0.868323
2 0.398988 0.156048 0.0772489 0.110719 0.692372
3 0.400893 0.257698 0.0388012 0.0578433 0.658
4 0.393114 0.327699 0.0907385 0.186196 0.629092
