4 0.109423 0.295279 0.127272 0.332764 0.729784
0 0.149472 0.0462091 0.0811469 0.0889373 0.719
3 0.15431 0.154844 0.0424754 0.0709592 0.68378
4 0.109423 0.295279 0.127272 0.332764 0.729784
0 0.149472 0.0462091 0.0811469 0.0889373 0.719
3 0.15431 0.154844 0.0424754 0.0709592 0.68378
4 0.109423 0.295279 0.127272 0.332764 0.729784
0 0.149472 0.0462091 0.0811469 0.0889373 0.719
3 0.15431 0.154844 0.0424754 0.0709592 0.68378
4 0.109423 0.295279 0.127272 0.332764 0.729784
0 0.149472 0.0462091 0.0811469 0.0889373 0.719
3 0.15431 0.154844 0.0424754 0.0709592 0.68378
