5 0.377304 0.49972 0.322753 0.999441 0.887648
4 0.19489 0.362479 0.139445 0.25724 0.887388
4 0.419751 0.192163 0.205755 0.384326 0.871657
5 0.214599 0.458939 0.219769 0.732406 0.86956
5 0.377304 0.49972 0.322753 0.999441 0.887648
4 0.19489 0.362479 0.139445 0.25724 0.887388
4 0.419751 0.192163 0.205755 0.384326 0.871657
5 0.214599 0.458939 0.219769 0.732406 0.86956
5 0.377304 0.49972 0.322753 0.999441 0.887648
4 0.19489 0.362479 0.139445 0.25724 0.887388
4 0.419751 0.192163 0.205755 0.384326 0.871657
5 0.214599 0.458939 0.219769 0.732406 0.86956
5 0.377304 0.49972 0.322753 0.999441 0.887648
4 0.19489 0.362479 0.139445 0.25724 0.887388
4 0.419751 0.192163 0.205755 0.384326 0.871657
5 0.214599 0.458939 0.219769 0.732406 0.86956
