5 0.341745 0.498623 0.397868 0.997245 0.776266
4 0.324766 0.30354 0.179794 0.297104 0.749767
5 0.865218 0.687397 0.257805 0.621417 0.705229
5 0.341745 0.498623 0.397868 0.997245 0.776266
4 0.324766 0.30354 0.179794 0.297104 0.749767
5 0.865218 0.687397 0.257805 0.621417 0.705229
5 0.341745 0.498623 0.397868 0.997245 0.776266
4 0.324766 0.30354 0.179794 0.297104 0.749767
5 0.865218 0.687397 0.257805 0.621417 0.705229
5 0.341745 0.498623 0.397868 0.997245 0.776266
4 0.324766 0.30354 0.179794 0.297104 0.749767
5 0.865218 0.687397 0.257805 0.621417 0.705229
