5 0.377698 0.539084 0.188113 0.892103 0.740402
4 0.430286 0.334705 0.0710374 0.191302 0.687225
0 0.436981 0.148265 0.0555105 0.0828193 0.641916
5 0.377698 0.539084 0.188113 0.892103 0.740402
4 0.430286 0.334705 0.0710374 0.191302 0.687225
0 0.436981 0.148265 0.0555105 0.0828193 0.641916
5 0.377698 0.539084 0.188113 0.892103 0.740402
4 0.430286 0.334705 0.0710374 0.191302 0.687225
0 0.436981 0.148265 0.0555105 0.0828193 0.641916
5 0.377698 0.539084 0.188113 0.892103 0.740402
4 0.430286 0.334705 0.0710374 0.191302 0.687225
0 0.436981 0.148265 0.0555105 0.0828193 0.641916
