5 0.367588 0.54482 0.194979 0.895699 0.844417
4 0.431567 0.343549 0.0647052 0.18599 0.688197
0 0.438981 0.174825 0.0485945 0.0786711 0.636785
5 0.125429 0.253079 0.250858 0.502294 0.630206
5 0.367588 0.54482 0.194979 0.895699 0.844417
4 0.431567 0.343549 0.0647052 0.18599 0.688197
0 0.438981 0.174825 0.0485945 0.0786711 0.636785
5 0.125429 0.253079 0.250858 0.502294 0.630206
5 0.367588 0.54482 0.194979 0.895699 0.844417
4 0.431567 0.343549 0.0647052 0.18599 0.688197
0 0.438981 0.174825 0.0485945 0.0786711 0.636785
5 0.125429 0.253079 0.250858 0.502294 0.630206
5 0.367588 0.54482 0.194979 0.895699 0.844417
4 0.431567 0.343549 0.0647052 0.18599 0.688197
0 0.438981 0.174825 0.0485945 0.0786711 0.636785
5 0.125429 0.253079 0.250858 0.502294 0.630206
