5 0.365183 0.517979 0.199556 0.926494 0.846056
5 0.710021 0.500387 0.468508 0.999226 0.703178
4 0.352436 0.459296 0.0739907 0.123331 0.694307
5 0.365183 0.517979 0.199556 0.926494 0.846056
5 0.710021 0.500387 0.468508 0.999226 0.703178
4 0.352436 0.459296 0.0739907 0.123331 0.694307
5 0.365183 0.517979 0.199556 0.926494 0.846056
5 0.710021 0.500387 0.468508 0.999226 0.703178
4 0.352436 0.459296 0.0739907 0.123331 0.694307
5 0.365183 0.517979 0.199556 0.926494 0.846056
5 0.710021 0.500387 0.468508 0.999226 0.703178
4 0.352436 0.459296 0.0739907 0.123331 0.694307
