4 0.569254 0.173668 0.108974 0.346857 0.83863
5 0.623533 0.480458 0.262331 0.958188 0.830819
5 0.381625 0.453071 0.142792 0.787589 0.728348
4 0.670275 0.271408 0.0876778 0.253086 0.652249
4 0.569254 0.173668 0.108974 0.346857 0.83863
5 0.623533 0.480458 0.262331 0.958188 0.830819
5 0.381625 0.453071 0.142792 0.787589 0.728348
4 0.670275 0.271408 0.0876778 0.253086 0.652249
4 0.569254 0.173668 0.108974 0.346857 0.83863
5 0.623533 0.480458 0.262331 0.958188 0.830819
5 0.381625 0.453071 0.142792 0.787589 0.728348
4 0.670275 0.271408 0.0876778 0.253086 0.652249
4 0.569254 0.173668 0.108974 0.346857 0.83863
5 0.623533 0.480458 0.262331 0.958188 0.830819
5 0.381625 0.453071 0.142792 0.787589 0.728348
4 0.670275 0.271408 0.0876778 0.253086 0.652249
4 0.569254 0.173668 0.108974 0.346857 0.83863
5 0.623533 0.480458 0.262331 0.958188 0.830819
5 0.381625 0.453071 0.142792 0.787589 0.728348
4 0.670275 0.271408 0.0876778 0.253086 0.652249
