5 0.564006 0.499777 0.295338 0.997713 0.857209
4 0.425809 0.390795 0.0816085 0.18801 0.752561
5 0.417076 0.271146 0.119172 0.505913 0.686849
5 0.564006 0.499777 0.295338 0.997713 0.857209
4 0.425809 0.390795 0.0816085 0.18801 0.752561
5 0.417076 0.271146 0.119172 0.505913 0.686849
5 0.564006 0.499777 0.295338 0.997713 0.857209
4 0.425809 0.390795 0.0816085 0.18801 0.752561
5 0.417076 0.271146 0.119172 0.505913 0.686849
5 0.564006 0.499777 0.295338 0.997713 0.857209
4 0.425809 0.390795 0.0816085 0.18801 0.752561
5 0.417076 0.271146 0.119172 0.505913 0.686849
