5 0.316634 0.439551 0.255351 0.864964 0.877575
5 0.626863 0.467056 0.256485 0.930394 0.867088
4 0.339797 0.298875 0.135603 0.339056 0.831867
0 0.291861 0.0875634 0.0897335 0.158948 0.805811
2 0.293076 0.0888323 0.0902625 0.15748 0.75667
3 0.31167 0.182833 0.0372663 0.0579866 0.709694
5 0.316634 0.439551 0.255351 0.864964 0.877575
5 0.626863 0.467056 0.256485 0.930394 0.867088
4 0.339797 0.298875 0.135603 0.339056 0.831867
0 0.291861 0.0875634 0.0897335 0.158948 0.805811
2 0.293076 0.0888323 0.0902625 0.15748 0.75667
3 0.31167 0.182833 0.0372663 0.0579866 0.709694
5 0.316634 0.439551 0.255351 0.864964 0.877575
5 0.626863 0.467056 0.256485 0.930394 0.867088
4 0.339797 0.298875 0.135603 0.339056 0.831867
0 0.291861 0.0875634 0.0897335 0.158948 0.805811
2 0.293076 0.0888323 0.0902625 0.15748 0.75667
3 0.31167 0.182833 0.0372663 0.0579866 0.709694
5 0.316634 0.439551 0.255351 0.864964 0.877575
5 0.626863 0.467056 0.256485 0.930394 0.867088
4 0.339797 0.298875 0.135603 0.339056 0.831867
0 0.291861 0.0875634 0.0897335 0.158948 0.805811
2 0.293076 0.0888323 0.0902625 0.15748 0.75667
3 0.31167 0.182833 0.0372663 0.0579866 0.709694
