5 0.098045 0.264635 0.195991 0.529269 0.91205
5 0.713051 0.5 0.333137 1 0.887519
4 0.678349 0.156004 0.246872 0.312008 0.873036
5 0.098045 0.264635 0.195991 0.529269 0.91205
5 0.713051 0.5 0.333137 1 0.887519
4 0.678349 0.156004 0.246872 0.312008 0.873036
5 0.098045 0.264635 0.195991 0.529269 0.91205
5 0.713051 0.5 0.333137 1 0.887519
4 0.678349 0.156004 0.246872 0.312008 0.873036
5 0.098045 0.264635 0.195991 0.529269 0.91205
5 0.713051 0.5 0.333137 1 0.887519
4 0.678349 0.156004 0.246872 0.312008 0.873036
