5 0.562861 0.496033 0.2514 0.990816 0.925059
5 0.393444 0.31576 0.157357 0.422584 0.830216
4 0.598939 0.17649 0.161772 0.352981 0.823563
4 0.40196 0.354486 0.0807379 0.176441 0.675207
2 0.405012 0.175156 0.074995 0.112883 0.666362
3 0.406384 0.27505 0.0391532 0.0617045 0.6652
5 0.562861 0.496033 0.2514 0.990816 0.925059
5 0.393444 0.31576 0.157357 0.422584 0.830216
4 0.598939 0.17649 0.161772 0.352981 0.823563
4 0.40196 0.354486 0.0807379 0.176441 0.675207
2 0.405012 0.175156 0.074995 0.112883 0.666362
3 0.406384 0.27505 0.0391532 0.0617045 0.6652
5 0.562861 0.496033 0.2514 0.990816 0.925059
5 0.393444 0.31576 0.157357 0.422584 0.830216
4 0.598939 0.17649 0.161772 0.352981 0.823563
4 0.40196 0.354486 0.0807379 0.176441 0.675207
2 0.405012 0.175156 0.074995 0.112883 0.666362
3 0.406384 0.27505 0.0391532 0.0617045 0.6652
5 0.562861 0.496033 0.2514 0.990816 0.925059
5 0.393444 0.31576 0.157357 0.422584 0.830216
4 0.598939 0.17649 0.161772 0.352981 0.823563
4 0.40196 0.354486 0.0807379 0.176441 0.675207
2 0.405012 0.175156 0.074995 0.112883 0.666362
3 0.406384 0.27505 0.0391532 0.0617045 0.6652
