0 0.4196 0.0749494 0.0962404 0.148493 0.873408
0 0.279417 0.166395 0.09297 0.137435 0.870446
5 0.250326 0.311717 0.302821 0.45068 0.858723
4 0.206025 0.382977 0.139657 0.284286 0.834407
3 0.26719 0.255372 0.0427311 0.0651712 0.657828
0 0.4196 0.0749494 0.0962404 0.148493 0.873408
0 0.279417 0.166395 0.09297 0.137435 0.870446
5 0.250326 0.311717 0.302821 0.45068 0.858723
4 0.206025 0.382977 0.139657 0.284286 0.834407
3 0.26719 0.255372 0.0427311 0.0651712 0.657828
0 0.4196 0.0749494 0.0962404 0.148493 0.873408
0 0.279417 0.166395 0.09297 0.137435 0.870446
5 0.250326 0.311717 0.302821 0.45068 0.858723
4 0.206025 0.382977 0.139657 0.284286 0.834407
3 0.26719 0.255372 0.0427311 0.0651712 0.657828
0 0.4196 0.0749494 0.0962404 0.148493 0.873408
0 0.279417 0.166395 0.09297 0.137435 0.870446
5 0.250326 0.311717 0.302821 0.45068 0.858723
4 0.206025 0.382977 0.139657 0.284286 0.834407
3 0.26719 0.255372 0.0427311 0.0651712 0.657828
