5 0.897292 0.499231 0.205415 0.998462 0.918962
5 0.389845 0.498689 0.465452 0.997378 0.828226
2 0.600195 0.121834 0.0917706 0.124057 0.807162
5 0.897292 0.499231 0.205415 0.998462 0.918962
5 0.389845 0.498689 0.465452 0.997378 0.828226
2 0.600195 0.121834 0.0917706 0.124057 0.807162
5 0.897292 0.499231 0.205415 0.998462 0.918962
5 0.389845 0.498689 0.465452 0.997378 0.828226
2 0.600195 0.121834 0.0917706 0.124057 0.807162
5 0.897292 0.499231 0.205415 0.998462 0.918962
5 0.389845 0.498689 0.465452 0.997378 0.828226
2 0.600195 0.121834 0.0917706 0.124057 0.807162
