5 0.670963 0.498569 0.486945 0.996868 0.904545
4 0.673874 0.20687 0.274222 0.413741 0.740573
5 0.34495 0.500756 0.303431 0.998488 0.686751
5 0.670963 0.498569 0.486945 0.996868 0.904545
4 0.673874 0.20687 0.274222 0.413741 0.740573
5 0.34495 0.500756 0.303431 0.998488 0.686751
5 0.670963 0.498569 0.486945 0.996868 0.904545
4 0.673874 0.20687 0.274222 0.413741 0.740573
5 0.34495 0.500756 0.303431 0.998488 0.686751
5 0.670963 0.498569 0.486945 0.996868 0.904545
4 0.673874 0.20687 0.274222 0.413741 0.740573
5 0.34495 0.500756 0.303431 0.998488 0.686751
