5 0.838646 0.195316 0.317573 0.390632 0.910939
5 0.88064 0.691009 0.238253 0.615611 0.857775
5 0.19519 0.472981 0.379193 0.945963 0.784157
5 0.192513 0.303851 0.383391 0.607703 0.639304
5 0.838646 0.195316 0.317573 0.390632 0.910939
5 0.88064 0.691009 0.238253 0.615611 0.857775
5 0.19519 0.472981 0.379193 0.945963 0.784157
5 0.192513 0.303851 0.383391 0.607703 0.639304
5 0.838646 0.195316 0.317573 0.390632 0.910939
5 0.88064 0.691009 0.238253 0.615611 0.857775
5 0.19519 0.472981 0.379193 0.945963 0.784157
5 0.192513 0.303851 0.383391 0.607703 0.639304
5 0.838646 0.195316 0.317573 0.390632 0.910939
5 0.88064 0.691009 0.238253 0.615611 0.857775
5 0.19519 0.472981 0.379193 0.945963 0.784157
5 0.192513 0.303851 0.383391 0.607703 0.639304
