5 0.873526 0.689443 0.252557 0.616986 0.866539
5 0.207429 0.450115 0.377634 0.90023 0.771514
5 0.822116 0.197889 0.351597 0.392342 0.761435
5 0.873526 0.689443 0.252557 0.616986 0.866539
5 0.207429 0.450115 0.377634 0.90023 0.771514
5 0.822116 0.197889 0.351597 0.392342 0.761435
5 0.873526 0.689443 0.252557 0.616986 0.866539
5 0.207429 0.450115 0.377634 0.90023 0.771514
5 0.822116 0.197889 0.351597 0.392342 0.761435
5 0.873526 0.689443 0.252557 0.616986 0.866539
5 0.207429 0.450115 0.377634 0.90023 0.771514
5 0.822116 0.197889 0.351597 0.392342 0.761435
