5 0.377897 0.480558 0.174651 0.941974 0.741491
4 0.0769191 0.151711 0.153838 0.303421 0.652909
4 0.434753 0.356754 0.0569927 0.206805 0.604041
5 0.377897 0.480558 0.174651 0.941974 0.741491
4 0.0769191 0.151711 0.153838 0.303421 0.652909
4 0.434753 0.356754 0.0569927 0.206805 0.604041
5 0.377897 0.480558 0.174651 0.941974 0.741491
4 0.0769191 0.151711 0.153838 0.303421 0.652909
4 0.434753 0.356754 0.0569927 0.206805 0.604041
5 0.377897 0.480558 0.174651 0.941974 0.741491
4 0.0769191 0.151711 0.153838 0.303421 0.652909
4 0.434753 0.356754 0.0569927 0.206805 0.604041
