5 0.0949256 0.277732 0.189851 0.518516 0.898603
5 0.732487 0.49823 0.372883 0.993942 0.892127
4 0.704825 0.164279 0.245878 0.328557 0.888022
4 0.0442349 0.420276 0.0884698 0.207677 0.611921
5 0.0949256 0.277732 0.189851 0.518516 0.898603
5 0.732487 0.49823 0.372883 0.993942 0.892127
4 0.704825 0.164279 0.245878 0.328557 0.888022
4 0.0442349 0.420276 0.0884698 0.207677 0.611921
5 0.0949256 0.277732 0.189851 0.518516 0.898603
5 0.732487 0.49823 0.372883 0.993942 0.892127
4 0.704825 0.164279 0.245878 0.328557 0.888022
4 0.0442349 0.420276 0.0884698 0.207677 0.611921
5 0.0949256 0.277732 0.189851 0.518516 0.898603
5 0.732487 0.49823 0.372883 0.993942 0.892127
4 0.704825 0.164279 0.245878 0.328557 0.888022
4 0.0442349 0.420276 0.0884698 0.207677 0.611921
