0 0.386553 0.0589531 0.0837023 0.085407 0.796265
5 0.265219 0.49161 0.50379 0.979125 0.794931
5 0.325228 0.456834 0.372715 0.913406 0.711193
0 0.386553 0.0589531 0.0837023 0.085407 0.796265
5 0.265219 0.49161 0.50379 0.979125 0.794931
5 0.325228 0.456834 0.372715 0.913406 0.711193
0 0.386553 0.0589531 0.0837023 0.085407 0.796265
5 0.265219 0.49161 0.50379 0.979125 0.794931
5 0.325228 0.456834 0.372715 0.913406 0.711193
0 0.386553 0.0589531 0.0837023 0.085407 0.796265
5 0.265219 0.49161 0.50379 0.979125 0.794931
5 0.325228 0.456834 0.372715 0.913406 0.711193
