5 0.323049 0.471533 0.254331 0.918534 0.904203
5 0.620029 0.465149 0.245733 0.928823 0.861318
4 0.352361 0.298776 0.127842 0.305718 0.852218
2 0.300023 0.108812 0.0908177 0.163405 0.814055
5 0.323049 0.471533 0.254331 0.918534 0.904203
5 0.620029 0.465149 0.245733 0.928823 0.861318
4 0.352361 0.298776 0.127842 0.305718 0.852218
2 0.300023 0.108812 0.0908177 0.163405 0.814055
5 0.323049 0.471533 0.254331 0.918534 0.904203
5 0.620029 0.465149 0.245733 0.928823 0.861318
4 0.352361 0.298776 0.127842 0.305718 0.852218
2 0.300023 0.108812 0.0908177 0.163405 0.814055
5 0.323049 0.471533 0.254331 0.918534 0.904203
5 0.620029 0.465149 0.245733 0.928823 0.861318
4 0.352361 0.298776 0.127842 0.305718 0.852218
2 0.300023 0.108812 0.0908177 0.163405 0.814055
