5 0.382162 0.426927 0.167755 0.853853 0.819692
5 0.708868 0.500268 0.494394 0.999464 0.722471
4 0.56697 0.152454 0.159316 0.304908 0.656678
5 0.382162 0.426927 0.167755 0.853853 0.819692
5 0.708868 0.500268 0.494394 0.999464 0.722471
4 0.56697 0.152454 0.159316 0.304908 0.656678
5 0.382162 0.426927 0.167755 0.853853 0.819692
5 0.708868 0.500268 0.494394 0.999464 0.722471
4 0.56697 0.152454 0.159316 0.304908 0.656678
5 0.382162 0.426927 0.167755 0.853853 0.819692
5 0.708868 0.500268 0.494394 0.999464 0.722471
4 0.56697 0.152454 0.159316 0.304908 0.656678
