0 0.363346 0.0644805 0.0842302 0.0954799 0.795047
4 0.271887 0.303379 0.178866 0.387825 0.787991
5 0.326265 0.249536 0.336962 0.498499 0.757115
5 0.728486 0.260642 0.491954 0.519685 0.696792
5 0.737236 0.500564 0.520291 0.998871 0.653851
0 0.363346 0.0644805 0.0842302 0.0954799 0.795047
4 0.271887 0.303379 0.178866 0.387825 0.787991
5 0.326265 0.249536 0.336962 0.498499 0.757115
5 0.728486 0.260642 0.491954 0.519685 0.696792
5 0.737236 0.500564 0.520291 0.998871 0.653851
0 0.363346 0.0644805 0.0842302 0.0954799 0.795047
4 0.271887 0.303379 0.178866 0.387825 0.787991
5 0.326265 0.249536 0.336962 0.498499 0.757115
5 0.728486 0.260642 0.491954 0.519685 0.696792
5 0.737236 0.500564 0.520291 0.998871 0.653851
0 0.363346 0.0644805 0.0842302 0.0954799 0.795047
4 0.271887 0.303379 0.178866 0.387825 0.787991
5 0.326265 0.249536 0.336962 0.498499 0.757115
5 0.728486 0.260642 0.491954 0.519685 0.696792
5 0.737236 0.500564 0.520291 0.998871 0.653851
