5 0.583524 0.499599 0.241129 0.999198 0.848681
4 0.607397 0.198226 0.162797 0.396452 0.846041
5 0.395671 0.496464 0.144669 0.846105 0.844743
4 0.389399 0.346417 0.0929885 0.264043 0.823352
5 0.583524 0.499599 0.241129 0.999198 0.848681
4 0.607397 0.198226 0.162797 0.396452 0.846041
5 0.395671 0.496464 0.144669 0.846105 0.844743
4 0.389399 0.346417 0.0929885 0.264043 0.823352
5 0.583524 0.499599 0.241129 0.999198 0.848681
4 0.607397 0.198226 0.162797 0.396452 0.846041
5 0.395671 0.496464 0.144669 0.846105 0.844743
4 0.389399 0.346417 0.0929885 0.264043 0.823352
5 0.583524 0.499599 0.241129 0.999198 0.848681
4 0.607397 0.198226 0.162797 0.396452 0.846041
5 0.395671 0.496464 0.144669 0.846105 0.844743
4 0.389399 0.346417 0.0929885 0.264043 0.823352
