4 0.203077 0.173561 0.15504 0.347122 0.883196
0 0.305878 0.122001 0.0794939 0.102792 0.844173
5 0.251645 0.511475 0.255765 0.969621 0.842504
4 0.309093 0.341645 0.0949804 0.29667 0.740511
4 0.203077 0.173561 0.15504 0.347122 0.883196
0 0.305878 0.122001 0.0794939 0.102792 0.844173
5 0.251645 0.511475 0.255765 0.969621 0.842504
4 0.309093 0.341645 0.0949804 0.29667 0.740511
4 0.203077 0.173561 0.15504 0.347122 0.883196
0 0.305878 0.122001 0.0794939 0.102792 0.844173
5 0.251645 0.511475 0.255765 0.969621 0.842504
4 0.309093 0.341645 0.0949804 0.29667 0.740511
4 0.203077 0.173561 0.15504 0.347122 0.883196
0 0.305878 0.122001 0.0794939 0.102792 0.844173
5 0.251645 0.511475 0.255765 0.969621 0.842504
4 0.309093 0.341645 0.0949804 0.29667 0.740511
