5 0.153641 0.248219 0.306299 0.490591 0.933787
5 0.878054 0.500451 0.243892 0.997306 0.894935
0 0.174766 0.0927715 0.0917458 0.114031 0.727903
5 0.153641 0.248219 0.306299 0.490591 0.933787
5 0.878054 0.500451 0.243892 0.997306 0.894935
0 0.174766 0.0927715 0.0917458 0.114031 0.727903
5 0.153641 0.248219 0.306299 0.490591 0.933787
5 0.878054 0.500451 0.243892 0.997306 0.894935
0 0.174766 0.0927715 0.0917458 0.114031 0.727903
5 0.153641 0.248219 0.306299 0.490591 0.933787
5 0.878054 0.500451 0.243892 0.997306 0.894935
0 0.174766 0.0927715 0.0917458 0.114031 0.727903
