4 0.532622 0.190405 0.203169 0.38081 0.865704
5 0.538926 0.500412 0.237886 0.998454 0.865559
5 0.310182 0.620075 0.225404 0.75985 0.626499
4 0.532622 0.190405 0.203169 0.38081 0.865704
5 0.538926 0.500412 0.237886 0.998454 0.865559
5 0.310182 0.620075 0.225404 0.75985 0.626499
4 0.532622 0.190405 0.203169 0.38081 0.865704
5 0.538926 0.500412 0.237886 0.998454 0.865559
5 0.310182 0.620075 0.225404 0.75985 0.626499
4 0.532622 0.190405 0.203169 0.38081 0.865704
5 0.538926 0.500412 0.237886 0.998454 0.865559
5 0.310182 0.620075 0.225404 0.75985 0.626499
