4 0.204634 0.204661 0.179818 0.409321 0.899629
5 0.148155 0.29772 0.294373 0.592924 0.724878
5 0.571903 0.493628 0.149123 0.897426 0.69166
4 0.204634 0.204661 0.179818 0.409321 0.899629
5 0.148155 0.29772 0.294373 0.592924 0.724878
5 0.571903 0.493628 0.149123 0.897426 0.69166
4 0.204634 0.204661 0.179818 0.409321 0.899629
5 0.148155 0.29772 0.294373 0.592924 0.724878
5 0.571903 0.493628 0.149123 0.897426 0.69166
4 0.204634 0.204661 0.179818 0.409321 0.899629
5 0.148155 0.29772 0.294373 0.592924 0.724878
5 0.571903 0.493628 0.149123 0.897426 0.69166
