5 0.206741 0.498716 0.387415 0.997432 0.883029
5 0.391737 0.415333 0.145217 0.826487 0.795069
4 0.438685 0.392105 0.0486383 0.273627 0.68255
5 0.206741 0.498716 0.387415 0.997432 0.883029
5 0.391737 0.415333 0.145217 0.826487 0.795069
4 0.438685 0.392105 0.0486383 0.273627 0.68255
5 0.206741 0.498716 0.387415 0.997432 0.883029
5 0.391737 0.415333 0.145217 0.826487 0.795069
4 0.438685 0.392105 0.0486383 0.273627 0.68255
5 0.206741 0.498716 0.387415 0.997432 0.883029
5 0.391737 0.415333 0.145217 0.826487 0.795069
4 0.438685 0.392105 0.0486383 0.273627 0.68255
