5 0.850315 0.515128 0.299272 0.967872 0.827634
5 0.235195 0.477926 0.342267 0.955851 0.807051
5 0.768019 0.250881 0.456366 0.498304 0.67916
5 0.850315 0.515128 0.299272 0.967872 0.827634
5 0.235195 0.477926 0.342267 0.955851 0.807051
5 0.768019 0.250881 0.456366 0.498304 0.67916
5 0.850315 0.515128 0.299272 0.967872 0.827634
5 0.235195 0.477926 0.342267 0.955851 0.807051
5 0.768019 0.250881 0.456366 0.498304 0.67916
5 0.850315 0.515128 0.299272 0.967872 0.827634
5 0.235195 0.477926 0.342267 0.955851 0.807051
5 0.768019 0.250881 0.456366 0.498304 0.67916
